114
0
0
0
0
0
0
0
0
0
0
0
0
0
0
0
0
0
0
0
0
0
0
0
299
968
0
0
293
971
0
0
291
972
0
0
284
976
0
0
277
979
0
0
264
983
0
0
253
988
0
0
245
993
0
0
238
997
0
0
235
1001
0
0
829
481
0
0
822
490
0
0
815
494
0
0
808
501
0
0
802
509
0
0
792
517
0
0
780
522
0
0
773
535
0
0
766
548
0
0
762
552
0
0
758
557
0
0
749
564
0
0
737
571
0
0
725
579
0
0
720
587
0
0
715
600
0
0
706
611
0
0
702
616
0
0
697
622
0
0
691
629
0
0
679
635
0
0
668
640
0
0
662
648
0
0
654
665
0
0
648
667
0
0
648
672
0
0
633
680
0
0
622
685
0
0
618
696
0
0
611
706
0
0
603
719
0
0
595
726
0
0
589
731
0
0
586
736
0
0
572
743
0
0
560
749
0
0
554
755
0
0
549
770
0
0
545
775
0
0
542
781
0
0
529
785
0
0
517
791
0
0
512
798
0
0
507
811
0
0
498
817
0
0
500
820
0
0
490
825
0
0
478
831
0
0
469
835
0
0
464
842
0
0
459
856
0
0
459
857
0
0
446
860
0
0
437
864
0
0
431
879
0
0
427
882
0
0
423
885
0
0
413
888
0
0
399
893
0
0
393
900
0
0
387
910
0
0
388
910
0
0
377
913
0
0
365
917
0
0
360
923
0
0
352
934
0
0
352
934
0
0
341
936
0
0
328
940
0
0
324
952
0
0
320
954
0
0
316
954
0
0
301
958
0
0
295
966
0
0
288
975
0
0
287
974
0
0
280
977
0
0
267
979
0
0
260
983
0
0
254
994
0
0
252
994
0
0
243
995
0
0
233
999
0
0
221
1001
0
0
816
482
0
0
810
496
0
0
797
509
0
0
797
512
0
0
789
518
0
0
779
526
0
0
769
534
0
0
762
541
0
0
757
549
0
0
750
560
0
0
741
573
0
0
738
578
0
0
735
581
0
0
727
588
0
0
714
599
0
0
704
604
0
0
696
611
0
0
689
616
0
0
681
628
0
0
678
632
0
0
672
645
0
0
664
656
0
0
662
659
0
0
656
663
0
0
644
672
0
0
632
677
0
0
627
686
0
0
620
699
0
0
613
708
0
0
611
712
0
0
605
719
0
0
595
725
0
0
584
733
0
0
575
740
0
0
564
744
0
0
557
753
0
0
551
760
0
0
546
773
0
0
534
783
0
0
529
791
0
0
520
797
0
0
513
804
0
0
506
812
0
0
498
819
0
0
492
824
0
0
486
831
0
0
480
834
0
0
475
838
0
0
466
844
0
0
454
851
0
0
444
855
0
0
438
862
0
0
431
868
0
0
423
875
0
0
417
881
0
0
411
889
0
0
402
897
0
0
394
905
0
0
387
909
0
0
379
917
0
0
375
920
0
0
372
923
0
0
364
926
0
0
355
930
0
0
344
933
0
0
332
938
0
0
325
943
0
0
320
946
0
0
313
955
0
0
306
961
0
0
297
970
0
0
290
974
0
0
286
977
0
0
283
976
0
0
272
979
0
0
261
983
0
0
251
986
0
0
244
989
0
0
237
993
0
0
231
997
0
0
224
1003
0
0
813
492
0
0
803
503
0
0
801
508
0
0
794
513
0
0
779
520
0
0
771
527
0
0
768
539
0
0
759
554
0
0
754
559
0
0
753
563
0
0
740
569
0
0
727
577
0
0
722
587
0
0
715
602
0
0
712
606
0
0
705
612
0
0
693
621
0
0
679
626
0
0
673
636
0
0
667
651
0
0
656
659
0
0
655
663
0
0
649
669
0
0
635
676
0
0
624
683
0
0
620
699
0
0
612
704
0
0
610
709
0
0
594
716
0
0
585
724
0
0
580
736
0
0
570
749
0
0
569
753
0
0
558
758
0
0
544
766
0
0
535
772
0
0
530
783
0
0
520
796
0
0
515
801
0
0
514
804
0
0
500
812
0
0
488
818
0
0
484
827
0
0
476
839
0
0
472
842
0
0
468
846
0
0
455
852
0
0
443
857
0
0
437
863
0
0
431
871
0
0
422
884
0
0
419
885
0
0
413
888
0
0
398
894
0
0
390
903
0
0
384
907
0
0
377
917
0
0
367
925
0
0
366
925
0
0
359
929
0
0
346
933
0
0
335
937
0
0
327
941
0
0
321
948
0
0
313
959
0
0
311
961
0
0
304
963
0
0
293
967
0
0
279
971
0
0
272
975
0
0
267
986
0
0
263
987
0
0
259
985
0
0
246
989
0
0
241
1003
0
0
841
468
0
0
825
477
0
0
817
484
0
0
807
499
0
0
805
499
0
0
790
507
0
0
785
518
0
0
777
531
0
0
776
536
0
0
774
540
0
0
758
546
0
0
753
562
0
0
744
570
0
0
745
574
0
0
733
580
0
0
723
587
0
0
714
604
0
0
711
607
0
0
702
612
0
0
687
621
0
0
685
636
0
0
681
641
0
0
674
649
0
0
666
656
0
0
655
663
0
0
642
670
0
0
634
678
0
0
628
693
0
0
624
699
0
0
617
704
0
0
603
710
0
0
594
719
0
0
587
727
0
0
580
736
0
0
575
748
0
0
573
751
0
0
562
757
0
0
548
764
0
0
541
771
0
0
532
786
0
0
534
790
0
0
526
795
0
0
511
801
0
0
502
809
0
0
495
823
0
0
491
828
0
0
485
831
0
0
472
836
0
0
466
843
0
0
458
857
0
0
456
859
0
0
451
863
0
0
438
869
0
0
426
873
0
0
421
879
0
0
414
892
0
0
408
897
0
0
406
894
0
0
398
901
0
0
386
906
0
0
375
910
0
0
371
920
0
0
362
926
0
0
354
933
0
0
352
934
0
0
345
939
0
0
340
943
0
0
331
945
0
0
322
949
0
0
310
953
0
0
302
959
0
0
294
962
0
0
287
966
0
0
281
971
0
0
275
976
0
0
267
979
0
0
262
986
0
0
252
993
0
0
247
995
0
0
246
999
0
0
236
999
0
0
232
1004
0
0
818
486
0
0
810
495
0
0
799
500
0
0
790
513
0
0
785
525
0
0
783
528
0
0
773
535
0
0
764
541
0
0
759
555
0
0
751
562
0
0
747
568
0
0
740
573
0
0
729
582
0
0
717
588
0
0
711
595
0
0
706
610
0
0
697
617
0
0
698
620
0
0
680
626
0
0
677
642
0
0
676
644
0
0
658
649
0
0
655
666
0
0
650
668
0
0
641
676
0
0
628
681
0
0
624
697
0
0
624
698
0
0
610
706
0
0
598
713
0
0
593
729
0
0
593
728
0
0
577
736
0
0
571
750
0
0
565
753
0
0
557
758
0
0
547
768
0
0
540
778
0
0
537
782
0
0
531
788
0
0
518
793
0
0
514
807
0
0
516
807
0
0
504
815
0
0
488
820
0
0
484
831
0
0
475
841
0
0
476
841
0
0
462
847
0
0
452
853
0
0
446
866
0
0
444
868
0
0
438
872
0
0
424
878
0
0
412
884
0
0
408
892
0
0
399
901
0
0
403
900
0
0
391
905
0
0
376
910
0
0
373
920
0
0
364
925
0
0
363
925
0
0
351
928
0
0
341
934
0
0
335
945
0
0
334
945
0
0
323
948
0
0
310
952
0
0
306
958
0
0
297
971
0
0
298
966
0
0
282
970
0
0
277
975
0
0
268
987
0
0
269
985
0
0
263
987
0
0
252
990
0
0
240
994
0
0
230
998
0
0
225
1001
0
0
825
487
0
0
816
496
0
0
815
500
0
0
804
506
0
0
793
513
0
0
783
520
0
0
780
530
0
0
771
543
0
0
762
551
0
0
763
556
0
0
750
564
0
0
737
571
0
0
732
586
0
0
725
591
0
0
721
596
0
0
708
604
0
0
702
614
0
0
697
626
0
0
694
628
0
0
680
637
0
0
668
644
0
0
661
652
0
0
655
668
0
0
648
675
0
0
645
679
0
0
632
686
0
0
625
698
0
0
614
705
0
0
613
711
0
0
599
718
0
0
593
729
0
0
582
737
0
0
584
743
0
0
572
749
0
0
559
755
0
0
554
762
0
0
546
779
0
0
541
784
0
0
539
787
0
0
530
793
0
0
517
797
0
0
509
809
0
0
501
818
0
0
493
826
0
0
492
827
0
0
479
834
0
0
470
839
0
0
462
844
0
0
456
860
0
0
455
858
0
0
445
865
0
0
432
870
0
0
426
876
0
0
419
889
0
0
419
888
0
0
405
893
0
0
395
897
0
0
390
905
0
0
382
915
0
0
381
914
0
0
371
918
0
0
356
924
0
0
352
929
0
0
345
940
0
0
343
942
0
0
336
943
0
0
324
949
0
0
313
952
0
0
307
957
0
0
300
969
0
0
292
973
0
0
293
973
0
0
280
974
0
0
270
979
0
0
261
982
0
0
255
993
0
0
250
996
0
0
247
996
0
0
235
997
0
0
223
1003
0
0
816
484
0
0
811
494
0
0
803
506
0
0
800
511
0
0
793
512
0
0
782
525
0
0
775
532
0
0
765
542
0
0
759
545
0
0
757
561
0
0
749
568
0
0
735
576
0
0
723
584
0
0
720
590
0
0
713
604
0
0
706
611
0
0
704
609
0
0
694
622
0
0
682
629
0
0
678
637
0
0
670
640
0
0
665
659
0
0
661
663
0
0
649
671
0
0
640
673
0
0
631
693
0
0
624
700
0
0
622
705
0
0
608
709
0
0
596
717
0
0
589
726
0
0
582
735
0
0
574
738
0
0
565
757
0
0
558
766
0
0
554
769
0
0
550
770
0
0
537
782
0
0
527
788
0
0
518
795
0
0
511
803
0
0
506
809
0
0
498
821
0
0
498
825
0
0
481
832
0
0
472
835
0
0
467
846
0
0
460
857
0
0
457
852
0
0
444
862
0
0
436
868
0
0
429
874
0
0
422
876
0
0
413
892
0
0
414
892
0
0
405
896
0
0
392
905
0
0
382
907
0
0
374
911
0
0
370
918
0
0
362
919
0
0
356
931
0
0
347
936
0
0
339
945
0
0
331
940
0
0
324
954
0
0
324
954
0
0
317
956
0
0
303
965
0
0
292
965
0
0
285
970
0
0
278
973
0
0
272
977
0
0
265
990
0
0
256
993
0
0
251
996
0
0
245
992
0
0
243
998
0
0
230
1001
0
0
826
478
0
0
815
484
0
0
809
497
0
0
800
511
0
0
801
514
0
0
794
514
0
0
781
528
0
0
771
536
0
0
763
545
0
0
758
549
0
0
749
570
0
0
747
574
0
0
740
579
0
0
729
584
0
0
717
597
0
0
709
604
0
0
700
610
0
0
693
620
0
0
688
630
0
0
679
642
0
0
670
653
0
0
665
648
0
0
661
665
0
0
655
671
0
0
644
678
0
0
633
685
0
0
622
694
0
0
613
701
0
0
606
708
0
0
600
715
0
0
591
733
0
0
583
741
0
0
582
744
0
0
576
743
0
0
566
757
0
0
554
763
0
0
543
771
0
0
535
780
0
0
528
788
0
0
522
795
0
0
514
806
0
0
506
805
0
0
505
819
0
0
499
826
0
0
489
830
0
0
479
834
0
0
470
842
0
0
459
849
0
0
451
855
0
0
443
863
0
0
437
868
0
0
431
875
0
0
422
888
0
0
414
882
0
0
408
897
0
0
400
902
0
0
392
908
0
0
385
904
0
0
377
920
0
0
370
925
0
0
364
932
0
0
359
923
0
0
352
937
0
0
346
942
0
0
341
946
0
0
333
942
0
0
326
955
0
0
319
958
0
0
310
961
0
0
301
962
0
0
293
969
0
0
284
975
0
0
278
980
0
0
272
980
0
0
262
984
0
0
254
988
0
0
245
993
0
0
237
1003
0
0
842
464
0
0
833
471
0
0
826
480
0
0
818
490
0
0
812
499
0
0
803
512
0
0
802
518
0
0
800
521
0
0
786
530
0
0
776
537
0
0
766
545
0
0
759
554
0
0
751
560
0
0
744
570
0
0
736
578
0
0
729
586
0
0
722
595
0
0
712
603
0
0
707
613
0
0
697
622
0
0
689
631
0
0
680
642
0
0
670
652
0
0
662
659
0
0
655
665
0
0
647
675
0
0
638
683
0
0
630
695
0
0
622
702
0
0
615
711
0
0
609
719
0
0
598
727
0
0
588
735
0
0
582
741
0
0
573
744
0
0
565
753
0
0
556
760
0
0
547
767
0
0
538
774
0
0
531
783
0
0
524
795
0
0
516
802
0
0
509
808
0
0
501
817
0
0
493
821
0
0
486
830
0
0
477
835
0
0
469
840
0
0
460
848
0
0
454
855
0
0
447
865
0
0
438
871
0
0
430
876
0
0
424
884
0
0
416
888
0
0
409
896
0
0
403
900
0
0
396
904
0
0
388
911
0
0
381
916
0
0
373
921
0
0
365
927
0
0
357
933
0
0
350
937
0
0
342
942
0
0
333
946
0
0
326
952
0
0
319
956
0
0
312
962
0
0
304
967
0
0
298
972
0
0
286
979
0
0
276
983
0
0
270
987
0
0
263
986
0
0
254
987
0
0
247
992
0
0
240
995
0
0
232
999
0
0
224
1002
0
0
826
478
0
0
817
488
0
0
808
495
0
0
799
507
0
0
794
515
0
0
785
522
0
0
776
531
0
0
767
540
0
0
758
551
0
0
751
559
0
0
744
568
0
0
738
577
0
0
733
586
0
0
727
596
0
0
718
606
0
0
710
615
0
0
703
622
0
0
693
630
0
0
689
638
0
0
678
648
0
0
667
658
0
0
662
663
0
0
653
673
0
0
640
686
0
0
630
693
0
0
621
702
0
0
613
710
0
0
605
719
0
0
596
728
0
0
589
735
0
0
581
740
0
0
573
748
0
0
565
755
0
0
556
763
0
0
545
776
0
0
537
781
0
0
529
787
0
0
519
793
0
0
510
801
0
0
501
808
0
0
491
815
0
0
484
823
0
0
477
832
0
0
473
837
0
0
465
845
0
0
461
851
0
0
453
858
0
0
447
861
0
0
441
871
0
0
434
877
0
0
425
885
0
0
417
889
0
0
410
895
0
0
402
901
0
0
395
906
0
0
388
911
0
0
378
916
0
0
371
921
0
0
364
927
0
0
357
931
0
0
349
935
0
0
339
942
0
0
333
947
0
0
326
952
0
0
317
955
0
0
309
960
0
0
299
964
0
0
292
968
0
0
281
972
0
0
275
976
0
0
269
979
0
0
259
983
0
0
251
988
0
0
243
990
0
0
237
996
0
0
229
1000
0
0
829
475
0
0
819
484
0
0
810
491
0
0
801
498
0
0
795
509
0
0
789
520
0
0
785
526
0
0
773
537
0
0
766
542
0
0
755
553
0
0
749
560
0
0
739
570
0
0
735
577
0
0
728
586
0
0
720
593
0
0
710
606
0
0
702
618
0
0
698
628
0
0
694
630
0
0
685
641
0
0
680
647
0
0
672
653
0
0
661
661
0
0
648
670
0
0
639
679
0
0
628
687
0
0
619
694
0
0
611
703
0
0
604
710
0
0
597
719
0
0
592
726
0
0
585
736
0
0
575
744
0
0
567
755
0
0
559
762
0
0
552
767
0
0
544
778
0
0
535
786
0
0
526
795
0
0
518
804
0
0
510
813
0
0
504
818
0
0
494
825
0
0
494
831
0
0
489
834
0
0
478
840
0
0
466
847
0
0
457
852
0
0
447
859
0
0
439
864
0
0
431
870
0
0
424
876
0
0
416
883
0
0
407
889
0
0
401
894
0
0
392
900
0
0
384
904
0
0
377
910
0
0
369
916
0
0
361
921
0
0
354
925
0
0
346
929
0
0
341
935
0
0
334
942
0
0
326
951
0
0
318
957
0
0
310
962
0
0
304
966
0
0
297
970
0
0
293
974
0
0
286
977
0
0
280
981
0
0
275
981
0
0
266
988
0
0
259
990
0
0
251
993
0
0
242
998
0
0
234
1003
0
0
830
479
0
0
823
487
0
0
814
496
0
0
804
505
0
0
801
514
0
0
789
522
0
0
788
531
0
0
780
540
0
0
771
548
0
0
758
557
0
0
752
568
0
0
743
577
0
0
731
587
0
0
727
596
0
0
714
605
0
0
705
613
0
0
698
621
0
0
691
629
0
0
683
638
0
0
674
647
0
0
662
655
0
0
661
664
0
0
651
673
0
0
640
682
0
0
632
686
0
0
629
697
0
0
615
705
0
0
607
714
0
0
598
723
0
0
597
731
0
0
582
739
0
0
574
747
0
0
566
755
0
0
569
757
0
0
553
764
0
0
543
775
0
0
536
783
0
0
538
790
0
0
520
794
0
0
514
802
0
0
505
808
0
0
508
815
0
0
486
820
0
0
480
830
0
0
473
836
0
0
478
842
0
0
457
849
0
0
448
856
0
0
442
862
0
0
446
870
0
0
425
875
0
0
416
881
0
0
409
887
0
0
409
894
0
0
393
900
0
0
386
906
0
0
379
911
0
0
377
915
0
0
366
922
0
0
363
928
0
0
356
934
0
0
342
939
0
0
339
946
0
0
328
952
0
0
322
956
0
0
310
961
0
0
309
966
0
0
299
970
0
0
293
973
0
0
280
979
0
0
276
985
0
0
264
991
0
0
253
994
0
0
253
999
0
0
238
998
0
0
231
1002
0
0
830
478
0
0
830
488
0
0
810
495
0
0
801
507
0
0
793
518
0
0
795
524
0
0
781
531
0
0
773
543
0
0
764
549
0
0
767
557
0
0
748
564
0
0
739
575
0
0
731
584
0
0
730
597
0
0
713
605
0
0
705
615
0
0
698
624
0
0
695
632
0
0
686
638
0
0
680
644
0
0
670
651
0
0
661
659
0
0
649
669
0
0
638
677
0
0
626
685
0
0
630
693
0
0
611
703
0
0
603
712
0
0
594
719
0
0
598
729
0
0
579
737
0
0
570
745
0
0
562
754
0
0
563
762
0
0
546
768
0
0
538
778
0
0
531
784
0
0
533
791
0
0
513
798
0
0
508
805
0
0
499
812
0
0
500
820
0
0
485
827
0
0
481
834
0
0
476
840
0
0
466
849
0
0
462
855
0
0
454
861
0
0
445
867
0
0
436
874
0
0
431
882
0
0
422
889
0
0
415
894
0
0
402
900
0
0
399
907
0
0
392
912
0
0
383
917
0
0
371
922
0
0
365
929
0
0
350
938
0
0
342
942
0
0
345
940
0
0
326
946
0
0
316
952
0
0
308
955
0
0
306
959
0
0
295
965
0
0
290
969
0
0
288
979
0
0
276
986
0
0
263
986
0
0
257
986
0
0
247
990
0
0
245
995
0
0
231
999
0
0
226
1003
0
0
822
486
0
0
819
494
0
0
813
502
0
0
802
511
0
0
794
524
0
0
784
533
0
0
775
540
0
0
767
544
0
0
757
550
0
0
747
559
0
0
740
569
0
0
734
578
0
0
728
587
0
0
725
596
0
0
715
608
0
0
702
618
0
0
696
623
0
0
688
629
0
0
680
637
0
0
673
643
0
0
665
649
0
0
653
660
0
0
644
669
0
0
635
678
0
0
631
688
0
0
626
695
0
0
621
706
0
0
611
718
0
0
597
729
0
0
587
736
0
0
579
742
0
0
573
747
0
0
564
755
0
0
556
760
0
0
548
766
0
0
541
776
0
0
534
783
0
0
524
790
0
0
517
798
0
0
509
805
0
0
500
814
0
0
491
821
0
0
482
827
0
0
475
834
0
0
468
841
0
0
460
848
0
0
451
854
0
0
445
862
0
0
435
868
0
0
427
874
0
0
422
881
0
0
416
886
0
0
410
893
0
0
404
899
0
0
396
909
0
0
384
916
0
0
373
922
0
0
365
926
0
0
358
927
0
0
350
932
0
0
341
935
0
0
331
940
0
0
328
946
0
0
324
958
0
0
309
964
0
0
302
963
0
0
293
966
0
0
286
970
0
0
276
974
0
0
270
979
0
0
269
988
0
0
253
991
0
0
246
992
0
0
236
997
0
0
230
1000
0
0
833
480
0
0
820
492
0
0
807
500
0
0
800
503
0
0
791
510
0
0
789
521
0
0
789
529
0
0
775
544
0
0
767
544
0
0
756
551
0
0
752
561
0
0
746
568
0
0
742
582
0
0
727
590
0
0
720
593
0
0
707
602
0
0
701
611
0
0
700
620
0
0
692
633
0
0
678
644
0
0
670
647
0
0
663
653
0
0
651
662
0
0
646
673
0
0
640
683
0
0
628
697
0
0
618
701
0
0
607
705
0
0
597
715
0
0
593
725
0
0
589
733
0
0
582
742
0
0
570
755
0
0
558
761
0
0
553
765
0
0
544
769
0
0
531
779
0
0
531
787
0
0
528
795
0
0
519
806
0
0
507
816
0
0
498
819
0
0
487
823
0
0
479
831
0
0
478
840
0
0
473
849
0
0
456
857
0
0
450
857
0
0
438
864
0
0
431
873
0
0
428
878
0
0
425
889
0
0
409
895
0
0
402
895
0
0
392
901
0
0
383
907
0
0
379
913
0
0
375
919
0
0
369
927
0
0
361
931
0
0
351
939
0
0
341
945
0
0
331
952
0
0
320
955
0
0
314
958
0
0
307
962
0
0
299
967
0
0
292
968
0
0
282
974
0
0
275
976
0
0
265
981
0
0
256
985
0
0
254
987
0
0
251
996
0
0
240
1005
0
0
832
477
0
0
826
479
0
0
815
488
0
0
803
498
0
0
801
506
0
0
796
516
0
0
794
526
0
0
781
535
0
0
773
540
0
0
758
548
0
0
754
557
0
0
751
567
0
0
743
577
0
0
736
588
0
0
727
597
0
0
717
607
0
0
707
617
0
0
699
625
0
0
690
635
0
0
680
641
0
0
672
644
0
0
667
652
0
0
659
659
0
0
650
667
0
0
640
676
0
0
633
684
0
0
622
693
0
0
614
702
0
0
604
710
0
0
593
721
0
0
588
727
0
0
582
738
0
0
578
750
0
0
569
760
0
0
557
769
0
0
545
776
0
0
537
782
0
0
530
789
0
0
522
795
0
0
516
800
0
0
507
807
0
0
499
815
0
0
491
821
0
0
482
829
0
0
474
835
0
0
463
843
0
0
458
849
0
0
453
856
0
0
447
860
0
0
441
867
0
0
435
874
0
0
429
881
0
0
422
888
0
0
416
896
0
0
407
903
0
0
395
910
0
0
384
915
0
0
376
915
0
0
369
918
0
0
359
924
0
0
350
929
0
0
342
935
0
0
335
939
0
0
331
946
0
0
326
953
0
0
319
960
0
0
309
967
0
0
298
973
0
0
288
974
0
0
281
977
0
0
273
979
0
0
266
981
0
0
256
985
0
0
253
991
0
0
248
994
0
0
243
1002
0
0
837
480
0
0
823
484
0
0
817
489
0
0
805
495
0
0
797
506
0
0
795
515
0
0
793
528
0
0
778
536
0
0
770
539
0
0
760
548
0
0
755
557
0
0
750
566
0
0
745
575
0
0
735
588
0
0
723
598
0
0
714
600
0
0
706
607
0
0
696
618
0
0
693
626
0
0
686
633
0
0
676
643
0
0
670
653
0
0
663
663
0
0
649
675
0
0
637
682
0
0
631
685
0
0
622
691
0
0
612
700
0
0
603
709
0
0
600
719
0
0
598
727
0
0
589
740
0
0
573
747
0
0
568
749
0
0
558
756
0
0
548
763
0
0
542
772
0
0
540
779
0
0
532
787
0
0
528
795
0
0
521
805
0
0
506
816
0
0
498
819
0
0
491
822
0
0
481
828
0
0
473
835
0
0
465
843
0
0
459
849
0
0
455
855
0
0
451
864
0
0
443
873
0
0
429
881
0
0
423
881
0
0
413
885
0
0
406
890
0
0
404
897
0
0
399
908
0
0
386
915
0
0
377
919
0
0
369
919
0
0
362
925
0
0
354
930
0
0
343
933
0
0
335
940
0
0
329
944
0
0
326
950
0
0
322
957
0
0
311
964
0
0
301
971
0
0
291
974
0
0
283
978
0
0
276
981
0
0
268
981
0
0
261
984
0
0
252
988
0
0
245
992
0
0
235
997
0
0
226
999
0
0
224
1004
0
0
821
489
0
0
815
501
0
0
799
512
0
0
794
513
0
0
786
521
0
0
778
531
0
0
777
539
0
0
770
552
0
0
754
564
0
0
747
571
0
0
740
573
0
0
731
580
0
0
724
590
0
0
722
600
0
0
713
612
0
0
698
621
0
0
689
625
0
0
678
632
0
0
670
642
0
0
667
651
0
0
662
661
0
0
656
669
0
0
646
681
0
0
631
688
0
0
625
691
0
0
613
698
0
0
609
710
0
0
607
717
0
0
597
732
0
0
583
738
0
0
576
741
0
0
568
748
0
0
558
755
0
0
549
762
0
0
542
772
0
0
537
779
0
0
530
785
0
0
523
795
0
0
520
802
0
0
512
813
0
0
497
823
0
0
491
823
0
0
482
828
0
0
472
836
0
0
469
843
0
0
463
849
0
0
456
858
0
0
451
865
0
0
443
872
0
0
428
881
0
0
421
885
0
0
412
887
0
0
403
893
0
0
402
899
0
0
397
907
0
0
386
915
0
0
373
922
0
0
364
926
0
0
358
928
0
0
351
930
0
0
343
934
0
0
333
938
0
0
325
944
0
0
319
949
0
0
316
955
0
0
311
963
0
0
297
972
0
0
288
975
0
0
282
975
0
0
272
977
0
0
265
981
0
0
262
985
0
0
257
995
0
0
243
1002
0
0
838
467
0
0
828
473
0
0
819
482
0
0
813
492
0
0
812
502
0
0
801
512
0
0
791
522
0
0
780
531
0
0
775
540
0
0
768
544
0
0
758
550
0
0
748
558
0
0
741
569
0
0
738
577
0
0
734
589
0
0
718
601
0
0
710
604
0
0
702
611
0
0
692
618
0
0
683
628
0
0
683
639
0
0
674
652
0
0
660
655
0
0
651
661
0
0
643
670
0
0
641
679
0
0
635
691
0
0
622
696
0
0
609
702
0
0
607
712
0
0
604
726
0
0
590
736
0
0
581
742
0
0
574
740
0
0
563
751
0
0
555
763
0
0
556
770
0
0
538
778
0
0
527
784
0
0
529
794
0
0
513
802
0
0
506
808
0
0
498
814
0
0
499
826
0
0
489
838
0
0
476
834
0
0
467
842
0
0
461
850
0
0
459
860
0
0
442
866
0
0
437
866
0
0
426
876
0
0
427
886
0
0
411
892
0
0
402
893
0
0
398
900
0
0
393
908
0
0
379
918
0
0
372
914
0
0
362
921
0
0
361
927
0
0
351
939
0
0
340
936
0
0
332
941
0
0
322
947
0
0
317
952
0
0
315
959
0
0
304
969
0
0
294
969
0
0
285
969
0
0
276
974
0
0
277
980
0
0
268
988
0
0
254
995
0
0
251
989
0
0
240
993
0
0
238
997
0
0
233
1008
0
0
821
487
0
0
810
490
0
0
804
499
0
0
803
510
0
0
790
523
0
0
784
526
0
0
773
533
0
0
771
542
0
0
769
555
0
0
754
563
0
0
748
565
0
0
737
572
0
0
735
582
0
0
732
595
0
0
716
600
0
0
704
606
0
0
706
617
0
0
693
631
0
0
684
636
0
0
673
640
0
0
664
649
0
0
660
658
0
0
656
667
0
0
648
680
0
0
629
687
0
0
622
692
0
0
612
702
0
0
610
711
0
0
602
724
0
0
589
733
0
0
582
735
0
0
573
741
0
0
566
751
0
0
566
758
0
0
554
771
0
0
545
770
0
0
536
780
0
0
537
790
0
0
521
797
0
0
515
799
0
0
506
808
0
0
506
816
0
0
496
829
0
0
484
836
0
0
478
835
0
0
469
843
0
0
469
853
0
0
453
856
0
0
443
863
0
0
442
870
0
0
433
882
0
0
423
881
0
0
413
886
0
0
406
893
0
0
403
899
0
0
398
908
0
0
383
909
0
0
373
914
0
0
369
920
0
0
365
926
0
0
358
935
0
0
343
942
0
0
336
941
0
0
325
945
0
0
324
950
0
0
319
962
0
0
305
962
0
0
295
964
0
0
287
969
0
0
284
974
0
0
281
980
0
0
273
988
0
0
258
992
0
0
252
990
0
0
242
993
0
0
234
997
0
0
228
1002
0
0
828
482
0
0
820
495
0
0
807
506
0
0
796
514
0
0
787
515
0
0
778
527
0
0
774
535
0
0
772
547
0
0
760
557
0
0
750
568
0
0
742
574
0
0
734
577
0
0
724
586
0
0
719
592
0
0
718
601
0
0
713
609
0
0
706
622
0
0
692
632
0
0
683
634
0
0
673
641
0
0
665
651
0
0
661
659
0
0
658
669
0
0
650
682
0
0
634
686
0
0
627
690
0
0
616
700
0
0
614
709
0
0
605
724
0
0
591
728
0
0
580
734
0
0
580
744
0
0
572
755
0
0
557
763
0
0
553
763
0
0
542
773
0
0
539
780
0
0
532
795
0
0
520
801
0
0
513
801
0
0
505
808
0
0
501
817
0
0
498
830
0
0
485
832
0
0
475
835
0
0
472
844
0
0
466
855
0
0
454
855
0
0
443
862
0
0
442
870
0
0
433
883
0
0
422
880
0
0
411
888
0
0
413
896
0
0
397
907
0
0
390
900
0
0
380
910
0
0
382
916
0
0
367
924
0
0
356
926
0
0
356
930
0
0
345
943
0
0
336
939
0
0
325
945
0
0
329
954
0
0
312
960
0
0
303
960
0
0
300
965
0
0
292
975
0
0
282
973
0
0
272
977
0
0
272
983
0
0
258
994
0
0
251
989
0
0
242
992
0
0
243
1001
0
0
836
477
0
0
829
478
0
0
815
487
0
0
815
496
0
0
807
510
0
0
794
517
0
0
788
520
0
0
784
530
0
0
781
541
0
0
770
553
0
0
757
560
0
0
749
562
0
0
739
571
0
0
739
581
0
0
730
596
0
0
717
600
0
0
706
605
0
0
700
617
0
0
698
628
0
0
682
637
0
0
674
639
0
0
663
649
0
0
661
660
0
0
655
671
0
0
639
681
0
0
633
681
0
0
623
692
0
0
623
704
0
0
610
717
0
0
601
720
0
0
592
725
0
0
583
731
0
0
574
741
0
0
567
750
0
0
566
759
0
0
558
769
0
0
543
781
0
0
535
781
0
0
527
786
0
0
520
796
0
0
518
805
0
0
511
812
0
0
498
824
0
0
488
831
0
0
482
835
0
0
473
837
0
0
463
846
0
0
464
854
0
0
452
866
0
0
441
865
0
0
432
871
0
0
428
877
0
0
425
886
0
0
408
897
0
0
402
895
0
0
392
900
0
0
386
907
0
0
383
915
0
0
377
923
0
0
363
930
0
0
354
930
0
0
343
932
0
0
340
938
0
0
336
948
0
0
321
953
0
0
313
953
0
0
303
959
0
0
304
966
0
0
289
972
0
0
281
973
0
0
274
977
0
0
274
986
0
0
258
993
0
0
251
988
0
0
240
993
0
0
239
1001
0
0
832
481
0
0
822
487
0
0
810
494
0
0
801
502
0
0
798
512
0
0
791
527
0
0
781
525
0
0
770
538
0
0
770
549
0
0
756
564
0
0
746
565
0
0
737
574
0
0
737
588
0
0
722
594
0
0
709
601
0
0
708
609
0
0
694
624
0
0
687
626
0
0
681
632
0
0
676
651
0
0
662
653
0
0
649
662
0
0
648
664
0
0
643
684
0
0
629
690
0
0
620
694
0
0
612
703
0
0
612
716
0
0
595
726
0
0
588
728
0
0
578
735
0
0
579
749
0
0
563
758
0
0
553
760
0
0
548
766
0
0
545
784
0
0
528
787
0
0
520
793
0
0
513
797
0
0
513
812
0
0
497
821
0
0
491
822
0
0
478
834
0
0
475
838
0
0
473
847
0
0
459
859
0
0
451
858
0
0
437
866
0
0
433
873
0
0
431
881
0
0
417
883
0
0
409
889
0
0
398
897
0
0
394
903
0
0
391
905
0
0
375
919
0
0
368
919
0
0
357
924
0
0
352
932
0
0
350
938
0
0
338
946
0
0
328
947
0
0
317
954
0
0
311
955
0
0
311
965
0
0
295
972
0
0
287
972
0
0
277
976
0
0
274
981
0
0
265
992
0
0
255
987
0
0
242
991
0
0
243
1001
0
0
832
479
0
0
822
483
0
0
816
491
0
0
808
505
0
0
798
509
0
0
789
517
0
0
785
526
0
0
786
535
0
0
769
547
0
0
761
551
0
0
756
560
0
0
750
575
0
0
737
576
0
0
726
587
0
0
723
595
0
0
719
608
0
0
702
619
0
0
696
618
0
0
683
629
0
0
679
639
0
0
676
651
0
0
660
651
0
0
653
664
0
0
642
674
0
0
642
684
0
0
628
687
0
0
617
699
0
0
613
708
0
0
607
723
0
0
593
720
0
0
583
732
0
0
579
742
0
0
577
753
0
0
560
753
0
0
551
765
0
0
546
774
0
0
541
790
0
0
528
789
0
0
520
797
0
0
519
811
0
0
505
813
0
0
494
822
0
0
493
828
0
0
481
839
0
0
472
840
0
0
467
842
0
0
455
859
0
0
446
860
0
0
445
871
0
0
432
871
0
0
420
880
0
0
419
887
0
0
407
900
0
0
398
902
0
0
393
905
0
0
387
917
0
0
374
916
0
0
368
918
0
0
361
935
0
0
351
930
0
0
339
936
0
0
341
939
0
0
324
953
0
0
316
951
0
0
306
957
0
0
307
959
0
0
292
973
0
0
284
971
0
0
276
976
0
0
276
977
0
0
264
992
0
0
252
990
0
0
242
992
0
0
236
995
0
0
231
1009
0
0
826
484
0
0
814
490
0
0
803
499
0
0
803
510
0
0
793
525
0
0
784
526
0
0
777
534
0
0
764
546
0
0
763
555
0
0
754
570
0
0
742
571
0
0
734
582
0
0
732
594
0
0
715
600
0
0
707
606
0
0
696
617
0
0
694
628
0
0
685
641
0
0
669
651
0
0
658
654
0
0
653
664
0
0
648
679
0
0
634
682
0
0
622
691
0
0
621
702
0
0
610
717
0
0
601
718
0
0
587
727
0
0
581
736
0
0
580
747
0
0
563
758
0
0
555
761
0
0
543
771
0
0
539
777
0
0
536
792
0
0
521
795
0
0
510
803
0
0
510
814
0
0
497
826
0
0
490
824
0
0
481
833
0
0
480
844
0
0
464
846
0
0
453
854
0
0
451
863
0
0
438
873
0
0
427
874
0
0
426
881
0
0
413
892
0
0
403
893
0
0
401
902
0
0
386
910
0
0
377
913
0
0
377
920
0
0
361
923
0
0
352
929
0
0
350
942
0
0
335
939
0
0
327
946
0
0
321
959
0
0
309
956
0
0
304
963
0
0
292
969
0
0
282
971
0
0
281
984
0
0
267
981
0
0
262
987
0
0
250
992
0
0
239
992
0
0
239
1005
0
0
832
475
0
0
826
485
0
0
814
498
0
0
802
502
0
0
804
514
0
0
790
519
0
0
783
531
0
0
772
539
0
0
761
548
0
0
763
563
0
0
748
564
0
0
735
575
0
0
737
590
0
0
722
592
0
0
713
602
0
0
712
617
0
0
698
618
0
0
687
627
0
0
685
639
0
0
671
646
0
0
661
655
0
0
661
670
0
0
647
671
0
0
635
680
0
0
632
692
0
0
621
706
0
0
611
706
0
0
602
717
0
0
601
732
0
0
585
732
0
0
574
743
0
0
577
756
0
0
559
759
0
0
549
767
0
0
551
777
0
0
536
784
0
0
526
783
0
0
526
805
0
0
510
806
0
0
499
815
0
0
499
829
0
0
485
828
0
0
476
836
0
0
475
851
0
0
460
849
0
0
454
860
0
0
443
870
0
0
432
870
0
0
430
878
0
0
418
888
0
0
407
890
0
0
410
899
0
0
395
900
0
0
387
907
0
0
379
920
0
0
370
917
0
0
364
924
0
0
352
931
0
0
342
934
0
0
344
942
0
0
327
946
0
0
319
951
0
0
312
964
0
0
301
961
0
0
303
971
0
0
288
969
0
0
277
974
0
0
277
985
0
0
263
984
0
0
251
987
0
0
253
995
0
0
237
1000
0
0
837
468
0
0
831
480
0
0
819
492
0
0
808
496
0
0
802
507
0
0
794
521
0
0
783
524
0
0
781
534
0
0
768
547
0
0
754
553
0
0
757
567
0
0
740
572
0
0
729
581
0
0
731
593
0
0
714
599
0
0
702
609
0
0
704
621
0
0
688
631
0
0
676
636
0
0
674
647
0
0
661
659
0
0
651
662
0
0
648
672
0
0
637
688
0
0
627
688
0
0
621
699
0
0
613
715
0
0
601
715
0
0
591
724
0
0
591
738
0
0
576
741
0
0
565
749
0
0
567
764
0
0
552
765
0
0
546
773
0
0
543
788
0
0
528
788
0
0
519
797
0
0
519
812
0
0
504
810
0
0
494
818
0
0
495
829
0
0
479
833
0
0
469
839
0
0
471
851
0
0
456
852
0
0
450
859
0
0
446
874
0
0
433
873
0
0
425
878
0
0
418
893
0
0
408
891
0
0
399
897
0
0
397
910
0
0
383
909
0
0
378
916
0
0
367
919
0
0
361
926
0
0
351
935
0
0
341
936
0
0
336
943
0
0
327
954
0
0
315
952
0
0
315
955
0
0
303
969
0
0
291
970
0
0
289
976
0
0
276
977
0
0
265
981
0
0
264
993
0
0
249
990
0
0
248
996
0
0
232
1000
0
0
837
468
0
0
836
481
0
0
819
488
0
0
815
496
0
0
809
510
0
0
798
513
0
0
790
524
0
0
783
533
0
0
770
542
0
0
762
553
0
0
759
569
0
0
752
572
0
0
732
581
0
0
731
592
0
0
722
606
0
0
721
607
0
0
701
618
0
0
697
634
0
0
683
635
0
0
677
645
0
0
672
660
0
0
655
664
0
0
646
672
0
0
641
682
0
0
635
698
0
0
620
699
0
0
611
708
0
0
604
725
0
0
594
726
0
0
584
736
0
0
581
751
0
0
578
751
0
0
557
761
0
0
558
774
0
0
542
779
0
0
544
787
0
0
528
797
0
0
515
809
0
0
504
810
0
0
502
824
0
0
491
825
0
0
483
835
0
0
471
845
0
0
468
848
0
0
458
862
0
0
445
862
0
0
441
873
0
0
437
877
0
0
421
885
0
0
411
894
0
0
400
895
0
0
400
903
0
0
386
907
0
0
383
922
0
0
366
920
0
0
363
932
0
0
350
930
0
0
350
944
0
0
332
941
0
0
327
952
0
0
318
952
0
0
309
957
0
0
300
967
0
0
302
968
0
0
291
976
0
0
277
976
0
0
274
985
0
0
268
986
0
0
253
992
0
0
242
994
0
0
232
998
0
0
229
1010
0
0
827
477
0
0
825
493
0
0
809
495
0
0
806
511
0
0
794
514
0
0
798
528
0
0
781
531
0
0
778
542
0
0
763
550
0
0
757
563
0
0
745
567
0
0
742
579
0
0
728
586
0
0
722
595
0
0
710
605
0
0
707
614
0
0
694
621
0
0
687
632
0
0
675
643
0
0
672
649
0
0
665
665
0
0
651
666
0
0
645
678
0
0
640
684
0
0
623
693
0
0
621
708
0
0
607
712
0
0
604
723
0
0
589
731
0
0
579
739
0
0
580
752
0
0
572
756
0
0
556
765
0
0
545
774
0
0
535
781
0
0
530
796
0
0
520
797
0
0
516
807
0
0
505
818
0
0
506
821
0
0
495
835
0
0
477
835
0
0
475
846
0
0
470
850
0
0
455
857
0
0
444
870
0
0
432
871
0
0
431
880
0
0
417
888
0
0
407
892
0
0
403
898
0
0
395
911
0
0
381
909
0
0
378
917
0
0
364
927
0
0
368
927
0
0
353
934
0
0
340
938
0
0
331
944
0
0
326
956
0
0
313
954
0
0
310
961
0
0
298
969
0
0
297
968
0
0
288
980
0
0
274
979
0
0
262
983
0
0
261
988
0
0
247
993
0
0
236
996
0
0
238
1007
0
0
836
471
0
0
826
482
0
0
816
497
0
0
805
500
0
0
806
516
0
0
792
517
0
0
792
530
0
0
776
538
0
0
765
545
0
0
766
561
0
0
751
562
0
0
745
574
0
0
732
582
0
0
723
591
0
0
725
605
0
0
708
607
0
0
706
621
0
0
692
625
0
0
684
635
0
0
673
646
0
0
665
651
0
0
665
668
0
0
648
668
0
0
649
685
0
0
632
686
0
0
630
698
0
0
615
704
0
0
608
714
0
0
599
728
0
0
587
729
0
0
588
744
0
0
574
746
0
0
568
756
0
0
559
767
0
0
548
770
0
0
548
785
0
0
532
786
0
0
533
800
0
0
517
801
0
0
516
812
0
0
501
816
0
0
501
830
0
0
484
829
0
0
483
840
0
0
470
844
0
0
464
852
0
0
455
856
0
0
448
865
0
0
438
870
0
0
434
880
0
0
422
882
0
0
420
891
0
0
405
894
0
0
404
906
0
0
388
905
0
0
389
917
0
0
374
917
0
0
370
924
0
0
358
926
0
0
347
931
0
0
342
940
0
0
333
941
0
0
332
954
0
0
316
952
0
0
316
960
0
0
302
961
0
0
297
965
0
0
290
976
0
0
278
975
0
0
280
985
0
0
264
982
0
0
260
990
0
0
248
992
0
0
239
996
0
0
233
1006
0
0
838
467
0
0
837
479
0
0
821
486
0
0
814
494
0
0
807
506
0
0
797
513
0
0
801
525
0
0
786
530
0
0
777
540
0
0
766
554
0
0
755
556
0
0
757
571
0
0
741
575
0
0
736
585
0
0
724
599
0
0
716
600
0
0
712
613
0
0
699
619
0
0
690
629
0
0
681
641
0
0
670
646
0
0
669
662
0
0
655
663
0
0
649
676
0
0
636
681
0
0
630
693
0
0
620
703
0
0
608
709
0
0
607
721
0
0
593
727
0
0
583
736
0
0
585
751
0
0
567
752
0
0
565
765
0
0
551
770
0
0
542
778
0
0
534
793
0
0
523
794
0
0
524
808
0
0
508
810
0
0
503
820
0
0
491
827
0
0
480
833
0
0
476
844
0
0
463
848
0
0
462
861
0
0
445
862
0
0
444
874
0
0
429
876
0
0
421
882
0
0
411
892
0
0
403
896
0
0
399
909
0
0
384
907
0
0
384
917
0
0
369
918
0
0
360
925
0
0
357
937
0
0
342
936
0
0
337
943
0
0
327
955
0
0
317
952
0
0
314
959
0
0
300
963
0
0
290
967
0
0
291
979
0
0
276
977
0
0
269
981
0
0
265
994
0
0
250
990
0
0
245
998
0
0
232
1001
0
0
836
469
0
0
839
483
0
0
821
487
0
0
811
496
0
0
811
513
0
0
793
516
0
0
796
529
0
0
780
533
0
0
770
543
0
0
764
559
0
0
752
560
0
0
748
574
0
0
734
581
0
0
724
589
0
0
725
603
0
0
710
607
0
0
704
619
0
0
691
626
0
0
683
636
0
0
674
644
0
0
665
654
0
0
654
662
0
0
647
673
0
0
639
687
0
0
628
692
0
0
627
702
0
0
611
708
0
0
603
718
0
0
594
731
0
0
581
736
0
0
582
752
0
0
568
752
0
0
566
766
0
0
551
769
0
0
542
778
0
0
534
789
0
0
522
794
0
0
522
807
0
0
507
810
0
0
498
817
0
0
496
832
0
0
481
832
0
0
479
843
0
0
466
845
0
0
459
854
0
0
449
861
0
0
439
867
0
0
438
880
0
0
422
880
0
0
420
888
0
0
407
895
0
0
397
898
0
0
397
906
0
0
383
910
0
0
373
915
0
0
371
929
0
0
356
928
0
0
351
933
0
0
339
941
0
0
330
943
0
0
329
952
0
0
316
951
0
0
311
961
0
0
299
964
0
0
292
969
0
0
282
976
0
0
274
977
0
0
271
988
0
0
256
987
0
0
258
994
0
0
242
993
0
0
233
998
0
0
224
1006
0
0
832
477
0
0
820
491
0
0
810
496
0
0
807
511
0
0
796
513
0
0
797
527
0
0
783
531
0
0
779
547
0
0
762
550
0
0
761
564
0
0
747
568
0
0
743
582
0
0
728
586
0
0
726
600
0
0
711
605
0
0
709
619
0
0
695
623
0
0
688
635
0
0
676
642
0
0
671
652
0
0
658
662
0
0
647
670
0
0
645
687
0
0
632
688
0
0
631
701
0
0
616
705
0
0
612
719
0
0
598
723
0
0
590
732
0
0
581
744
0
0
570
749
0
0
572
765
0
0
554
765
0
0
554
777
0
0
541
781
0
0
533
791
0
0
521
800
0
0
512
805
0
0
512
821
0
0
496
820
0
0
494
834
0
0
479
834
0
0
480
849
0
0
465
848
0
0
464
859
0
0
449
862
0
0
438
869
0
0
441
884
0
0
425
881
0
0
419
888
0
0
408
897
0
0
399
899
0
0
391
905
0
0
388
911
0
0
378
914
0
0
372
923
0
0
362
926
0
0
357
933
0
0
345
936
0
0
342
949
0
0
327
948
0
0
326
958
0
0
312
959
0
0
306
962
0
0
295
968
0
0
287
973
0
0
278
982
0
0
267
981
0
0
265
992
0
0
250
989
0
0
256
1014
0
0
0
0
0
0
0
5
4
0
0
0
0
0
0
0
0
0
7
4
0
0
0
0
0
0
0
0
0
3
0
0
1
0
1
0
0
0
0
3
0
0
0
4
0
0
0
0
0
0
0
0
0
0
0
1
0
0
0
0
0
0
0
0
0
0
6
1
0
0
0
0
0
0
0
0
0
2
3
0
0
0
0
0
0
0
0
6
4
0
0
0
0
0
0
0
0
0
7
4
0
0
0
0
0
0
0
0
0
2
1
0
0
0
0
0
0
0
0
5
2
0
0
0
0
0
0
0
0
0
2
0
0
0
0
0
0
0
0
0
0
0
0
0
0
0
3
0
0
0
3
0
0
0
0
3
0
0
0
0
2
0
2
0
0
0
0
3
0
0
0
3
0
0
0
0
0
0
2
0
0
0
0
1
0
0
0
0
0
0
0
0
0
0
2
2
0
0
0
0
0
0
0
0
0
4
1
0
0
0
2
0
0
0
0
0
0
0
0
0
0
0
0
0
0
0
2
0
0
0
3
0
0
0
0
0
0
0
0
0
0
0
3
0
0
0
0
0
0
0
0
2
0
0
0
0
0
0
6
0
0
0
1
0
0
0
0
0
0
0
0
0
0
0
3
0
0
0
0
0
0
0
0
0
0
0
0
0
0
0
4
0
0
0
4
0
0
0
0
0
0
1
0
0
0
0
2
0
0
0
0
0
2
0
0
2
0
0
0
0
0
0
8
3
0
0
0
0
0
0
0
0
0
3
4
0
0
0
0
0
0
0
0
0
3
1
0
0
0
0
0
0
0
0
5
3
0
0
0
0
0
0
0
0
0
5
1
0
0
0
1
0
0
0
0
0
1
0
0
2
0
1
0
0
0
0
4
0
0
0
3
0
0
0
0
0
0
5
1
0
0
0
1
0
0
0
0
0
2
0
0
0
0
1
0
0
0
0
5
0
0
0
1
0
0
0
0
0
0
5
1
0
0
0
0
0
0
0
0
0
3
2
0
0
0
0
0
0
0
0
4
2
0
0
0
0
0
0
0
0
0
6
3
0
0
0
0
0
0
0
0
59
4
0
0
0
0
0
0
0
0
0
7
4
0
0
0
0
0
0
0
0
0
1
0
0
0
0
1
0
0
0
0
5
3
0
0
0
0
0
0
0
0
0
1
0
0
0
0
0
0
0
0
0
0
0
0
0
0
0
0
0
0
0
0
1
0
0
0
0
0
0
0
0
0
0
1
0
0
0
0
0
0
0
0
0
0
0
0
0
0
0
3
0
0
0
0
0
0
0
0
0
0
3
3
0
0
0
0
0
0
0
0
4
2
0
0
0
0
0
0
0
0
0
2
0
0
0
0
0
0
0
0
2
0
0
0
0
0
0
8
0
0
0
0
0
0
0
0
0
0
4
4
0
0
0
0
0
0
0
0
0
0
0
0
0
0
0
0
0
0
0
3
0
0
0
0
0
0
0
0
1
0
0
0
0
0
0
8
4
0
0
0
0
0
0
0
0
0
0
0
0
0
0
3
0
0
0
3
0
0
0
0
0
0
5
3
0
0
0
0
0
0
0
0
0
0
0
0
0
0
3
1
0
0
0
0
0
0
0
0
0
2
1
0
0
0
0
0
0
0
0
1
0
0
0
0
0
0
0
0
0
0
0
0
0
0
0
3
0
0
0
3
0
0
0
0
0
0
4
0
0
0
0
1
0
0
0
0
0
4
0
0
0
0
0
0
0
0
0
1
0
0
0
0
0
0
0
0
3
0
1
0
0
0
0
7
1
0
0
0
0
0
0
0
0
0
0
0
0
0
0
1
0
0
0
3
0
0
0
0
0
0
4
0
0
0
0
1
0
0
0
0
0
3
1
0
0
0
0
0
0
0
0
6
3
0
0
0
0
0
0
0
0
0
5
4
0
0
0
0
0
0
0
0
0
1
0
0
0
0
0
0
0
0
0
1
0
0
0
0
13
0
0
0
2
45
0
0
0
0
0
0
0
0
3
0
0
0
0
0
0
4
3
0
0
0
0
0
0
0
0
0
2
0
0
0
0
4
0
0
0
0
0
0
0
0
0
0
8
2
0
0
0
0
0
0
0
0
0
0
0
0
0
0
0
0
0
0
0
0
0
0
0
0
0
0
0
0
0
0
1
0
0
0
0
0
0
0
0
0
0
0
0
0
0
0
7
1
0
0
0
0
0
0
0
0
0
2
4
0
0
0
0
0
0
0
0
1
0
0
0
0
0
0
0
0
0
0
2
0
0
0
0
0
0
0
0
2
0
0
0
0
0
0
3
0
0
0
3
0
0
0
0
0
0
3
1
0
0
0
1
0
0
0
0
0
2
1
0
0
0
0
0
0
0
0
2
0
0
0
0
0
0
0
0
2
0
0
0
0
0
0
9
1
0
0
0
0
0
0
0
0
0
1
0
0
0
0
2
0
0
0
3
0
0
0
0
0
0
1
0
0
0
0
0
0
0
0
0
0
1
1
0
0
0
0
0
0
0
0
1
0
0
0
0
0
0
0
0
2
0
0
0
24
0
0
1
1
0
0
0
0
0
0
0
0
0
0
0
0
0
0
2
0
0
0
0
1
0
0
0
0
0
2
0
0
0
0
0
0
0
0
0
1
0
0
0
0
0
0
0
0
0
0
1
0
0
0
0
7
3
0
0
0
0
0
0
0
0
0
0
0
0
0
0
3
0
0
0
0
0
0
0
0
0
0
6
4
0
0
0
0
0
0
0
0
0
0
0
0
0
0
0
0
0
0
0
0
0
0
0
0
0
0
0
0
2
0
0
0
0
0
0
6
0
0
0
1
0
0
0
0
0
0
6
0
0
0
0
2
0
0
0
0
0
4
1
0
0
0
0
0
0
0
0
7
3
0
0
0
0
0
0
0
0
0
2
0
0
0
0
6
0
0
0
2
0
0
0
0
0
0
7
0
0
0
0
3
0
0
0
0
0
2
0
0
0
0
1
0
0
0
0
9
2
0
0
0
0
0
0
0
0
0
4
3
0
0
0
0
0
0
0
0
0
0
0
0
0
0
0
0
0
0
2
2
0
0
0
0
0
0
0
0
0
0
2
0
0
0
0
0
0
0
0
1
0
0
0
0
0
0
3
0
0
0
0
0
0
0
0
0
0
1
1
0
0
0
0
0
0
0
0
0
0
0
0
0
0
0
0
0
0
0
1
0
0
0
0
0
0
0
0
0
0
0
0
0
0
0
0
0
0
0
0
0
0
0
0
3
0
0
0
0
0
0
2
0
0
0
0
0
0
0
0
0
0
0
0
0
0
0
0
0
0
0
2
0
0
0
0
0
0
2
3
0
0
0
0
0
0
0
3
0
0
0
0
0
0
1
3
0
0
0
0
0
0
0
2
0
0
0
0
0
0
0
3
0
0
0
0
0
0
0
2
0
0
0
0
0
0
0
0
0
0
0
0
0
0
0
2
0
0
0
0
0
0
0
2
0
0
0
0
0
0
0
0
0
0
0
0
0
0
0
2
0
0
0
0
0
0
0
2
0
0
0
0
0
0
0
0
0
0
0
0
0
0
0
0
0
0
0
0
0
0
0
0
0
0
0
0
0
0
0
0
0
0
0
0
0
0
0
0
0
0
0
0
0
0
0
0
0
0
0
0
0
0
0
0
0
0
0
0
0
0
0
0
0
0
0
0
0
0
0
1
0
0
0
0
0
0
0
0
0
0
0
0
0
0
0
0
0
0
0
0
0
0
0
0
0
0
0
0
0
0
0
0
0
0
0
0
0
0
0
0
0
0
0
0
0
0
0
0
0
0
0
0
0
0
0
0
0
0
0
0
0
0
0
0
0
0
0
0
0
0
0
0
0
0
0
0
0
0
0
0
0
0
0
0
0
0
0
0
0
0
0
0
0
0
0
0
0
0
0
0
0
0
0
0
0
0
0
0
0
0
0
0
0
0
0
0
0
0
0
0
0
0
0
0
0
0
0
0
0
0
0
0
0
0
0
0
0
0
0
0
0
0
0
0
0
0
0
0
0
0
0
0
0
0
0
0
0
0
0
0
0
0
26
0
0
0
0
0
0
0
0
0
0
0
0
0
0
0
0
0
0
0
0
0
0
0
0
0
0
0
0
0
0
0
0
0
0
0
0
1
0
0
0
0
0
0
0
0
0
0
0
0
0
0
0
0
0
0
0
0
0
0
0
0
0
0
0
0
0
0
0
0
0
0
0
0
0
0
0
0
0
0
0
0
0
0
0
0
0
0
0
0
0
0
0
0
0
0
0
0
0
0
0
0
0
0
0
0
0
0
0
0
0
0
0
0
0
0
0
0
0
0
0
0
0
0
0
0
0
0
0
0
0
0
0
0
0
0
0
0
0
0
0
0
0
0
0
0
0
0
0
0
0
0
0
0
0
0
0
0
0
0
0
0
0
0
0
0
0
0
0
0
0
0
0
0
0
0
0
0
0
0
0
0
0
0
0
0
0
0
0
0
0
0
0
0
0
0
0
1
0
0
0
0
0
0
0
1
0
0
0
0
0
0
0
0
0
0
0
0
0
0
0
0
0
0
0
0
0
0
0
0
0
0
1
0
0
0
0
0
0
0
0
0
0
0
0
0
0
0
0
0
0
15
0
0
0
0
12
0
0
0
0
0
0
0
0
0
0
0
0
0
0
0
0
0
0
0
0
0
1
0
0
0
0
0
0
0
0
0
0
0
0
0
0
0
1
0
0
0
0
0
0
0
0
0
0
0
0
0
0
0
7
4
0
0
0
0
0
0
0
4
0
0
0
0
0
0
5
4
0
0
0
0
0
0
0
2
0
0
0
0
0
0
5
4
0
0
0
0
0
0
0
3
0
0
0
0
0
0
6
4
0
0
0
0
0
0
0
1
0
0
0
0
0
0
0
0
0
0
0
0
0
0
0
0
0
0
1
0
0
0
0
0
0
0
1
0
0
0
0
0
0
0
0
0
0
0
0
0
0
0
0
1
1
0
0
0
0
0
0
0
0
0
0
0
0
0
0
0
0
0
0
0
0
0
0
0
0
0
0
2
0
0
0
0
0
0
0
2
0
0
0
0
0
0
1
3
0
0
0
0
0
0
0
0
0
0
0
0
0
0
0
0
0
0
0
0
0
0
0
0
0
1
3
0
0
0
0
0
0
0
2
0
0
0
0
0
0
0
0
0
0
0
0
0
0
0
0
0
0
0
0
0
0
0
0
0
0
0
0
1
0
0
0
0
0
0
0
1
0
0
0
0
0
0
2
3
0
0
0
0
0
0
0
0
0
0
0
0
0
0
0
0
0
0
3
0
0
0
0
0
0
1
3
0
0
0
0
0
0
0
0
0
0
0
0
0
0
0
0
0
0
0
0
0
0
0
0
0
0
0
0
0
0
0
0
0
0
0
0
0
0
0
0
0
0
0
0
0
0
0
0
0
0
0
0
0
0
0
0
0
0
0
0
0
0
0
0
0
0
0
0
0
0
0
0
0
0
0
0
0
0
0
0
0
0
0
0
0
0
0
0
0
2
1
0
0
0
0
0
0
0
0
0
0
0
0
0
0
0
0
0
0
0
0
0
0
0
0
1
0
0
0
0
0
0
0
0
0
0
0
2
0
0
0
0
0
0
0
2
0
0
0
0
0
0
0
0
0
0
0
0
0
0
0
0
0
0
0
0
0
0
0
0
0
0
0
0
0
0
0
0
0
0
0
0
0
0
0
0
0
0
0
0
0
0
0
0
0
0
0
0
0
0
0
0
0
0
0
0
0
0
0
0
0
0
0
0
0
0
0
0
0
0
0
0
0
0
0
0
0
0
3
0
0
0
0
0
0
0
3
0
0
0
0
0
0
0
0
0
0
0
0
0
0
0
0
0
0
0
0
0
0
0
0
0
0
0
1
1
0
0
0
0
0
0
0
0
0
0
0
0
0
0
0
0
0
0
0
0
0
0
0
0
0
0
0
0
0
0
2
1
0
0
0
0
0
0
0
0
0
0
0
0
0
0
0
0
0
0
0
0
1
0
0
0
0
0
0
0
0
0
0
0
0
0
0
0
0
0
0
0
0
1
0
0
0
0
0
0
0
0
4
0
0
0
0
0
0
1
0
0
0
0
0
0
0
0
0
0
0
0
0
0
0
0
2
0
0
0
0
0
0
0
3
0
0
0
0
0
0
1
3
0
0
0
0
0
0
0
0
0
0
0
0
0
0
0
0
0
0
0
0
0
0
0
0
0
0
0
0
0
0
0
0
0
0
0
1
1
0
0
0
0
0
0
0
1
0
0
0
0
0
0
1
0
0
0
0
0
0
0
0
0
0
0
0
0
0
0
0
0
0
0
3
0
0
0
0
0
0
0
0
0
0
0
0
0
0
0
0
0
0
0
0
0
0
1
0
0
0
0
0
0
0
0
1
0
0
0
0
0
0
0
0
0
0
0
0
0
0
0
1
0
0
1
0
0
0
0
0
0
0
0
0
0
0
0
0
0
0
0
0
0
0
0
0
0
0
0
0
0
0
0
1
0
0
0
0
0
0
0
0
0
0
0
0
0
0
0
0
0
0
0
0
0
0
0
1
0
0
0
0
0
0
0
0
0
0
0
0
0
0
0
0
0
0
0
0
0
0
0
0
0
0
0
0
0
0
0
0
0
0
0
0
0
0
0
0
0
0
0
0
0
0
1
1
0
0
0
0
0
0
0
0
0
0
0
0
0
0
1
1
0
0
0
0
0
0
0
0
0
0
2
0
0
0
0
0
0
0
0
0
0
0
0
0
0
0
0
0
0
0
0
0
0
0
0
2
1
0
0
0
0
0
0
0
0
0
0
0
0
0
0
0
0
0
0
0
0
0
0
0
0
0
0
0
0
0
3
0
0
0
0
0
0
1
0
0
0
0
0
0
0
0
2
0
0
0
0
0
0
0
2
0
0
0
0
0
0
0
2
0
0
0
0
0
0
0
0
0
0
0
0
0
0
0
0
0
0
0
0
0
0
1
0
0
0
0
0
0
0
0
1
0
0
0
0
0
0
0
0
0
0
0
0
0
0
0
0
0
0
0
0
0
0
0
0
0
0
0
0
0
0
0
0
0
1
0
0
0
0
0
0
0
0
0
0
0
0
0
3
0
0
0
0
0
0
0
2
0
0
0
0
0
0
0
0
0
0
0
0
0
0
0
0
0
0
0
2
2
0
0
0
0
0
0
0
1
0
0
0
0
0
0
0
0
0
0
0
0
0
0
0
1
0
0
0
0
0
0
1
1
0
0
0
0
0
0
0
0
0
0
0
0
0
0
0
0
0
0
0
0
0
0
0
0
0
0
2
0
0
0
0
0
0
0
0
0
0
0
0
0
0
0
0
0
0
0
0
2
0
0
0
0
0
0
0
0
0
1
3
0
0
0
0
0
0
0
1
0
0
0
0
0
0
2
1
0
0
0
0
0
0
0
2
0
0
0
0
0
0
0
0
0
0
0
0
0
0
0
2
0
0
0
0
0
0
0
0
0
0
0
0
0
0
0
0
0
0
0
0
0
0
0
0
0
0
0
3
2
0
0
0
0
0
0
0
0
0
0
0
0
0
0
3
1
0
0
0
0
0
0
0
0
0
0
0
0
0
0
0
0
0
0
0
0
0
0
0
0
0
0
0
0
0
0
0
0
0
0
0
0
0
0
0
0
0
0
0
0
0
0
0
0
0
0
0
0
0
0
0
0
0
0
0
0
0
0
0
0
0
0
0
0
0
0
0
0
0
0
0
0
0
0
0
0
0
0
0
0
0
0
0
0
0
0
0
0
0
0
0
0
0
0
0
0
0
0
0
0
0
0
0
0
0
0
0
0
1
0
0
0
0
0
0
0
0
0
0
0
0
1
0
0
0
0
0
0
1
3
0
0
0
0
0
0
0
1
0
0
0
0
0
0
0
0
0
0
0
0
0
0
0
0
0
0
0
0
0
0
0
0
0
0
0
0
0
0
0
0
0
0
0
0
0
0
0
0
0
0
0
1
0
0
0
0
0
0
0
0
1
0
0
0
0
0
0
2
0
0
0
0
0
0
0
0
2
0
0
0
0
0
0
0
0
0
0
0
0
0
0
0
2
0
0
0
0
0
0
1
1
0
0
0
0
0
0
0
2
0
0
0
0
0
0
2
2
0
0
0
0
0
0
0
0
0
0
0
0
0
0
0
0
0
0
0
0
0
0
0
0
0
0
1
0
0
0
0
0
0
0
3
0
1
0
0
0
0
1
2
0
0
0
0
0
0
0
3
0
0
0
0
0
0
2
3
1
0
0
0
0
0
0
0
0
0
0
0
0
0
1
1
0
0
0
0
0
0
0
0
0
0
0
0
0
0
0
0
0
0
0
0
0
0
0
0
0
0
0
0
0
0
0
0
0
0
0
0
0
0
0
0
0
1
2
0
0
0
0
0
0
0
0
0
0
0
0
0
0
0
1
0
0
0
0
0
0
0
0
0
0
0
0
0
0
1
1
0
0
0
0
0
0
0
0
0
0
0
0
0
0
0
0
0
0
0
0
0
0
0
0
0
0
0
0
0
0
2
2
0
0
0
0
0
0
0
0
0
0
0
0
0
0
0
0
0
0
0
0
0
0
0
0
1
0
0
0
0
0
0
0
0
0
0
0
0
0
0
0
2
1
0
0
0
0
0
0
0
0
0
0
0
0
0
0
0
0
0
0
0
0
0
0
0
0
0
1
2
0
0
0
0
0
0
0
1
0
0
0
0
0
0
1
1
0
0
0
0
1
0
0
0
0
1
4
0
0
0
0
0
0
0
0
0
0
0
0
0
0
0
3
0
0
0
0
0
0
0
0
0
0
0
0
0
0
0
0
0
1
0
0
0
0
0
0
0
0
0
0
0
0
0
0
0
0
0
0
0
0
0
0
0
1
0
0
0
0
0
0
0
0
0
0
0
0
0
0
0
0
0
0
0
0
0
0
0
0
0
0
0
0
0
0
0
0
0
0
1
0
0
0
0
0
0
0
1
0
0
0
0
0
0
0
0
0
0
0
0
0
0
0
0
0
0
0
0
0
0
0
0
0
1
4
0
0
0
0
0
0
0
1
0
0
0
0
0
0
0
0
0
0
0
0
0
0
0
0
0
0
0
0
0
0
0
0
0
0
0
2
1
0
0
0
0
0
0
0
0
0
0
0
0
0
0
0
0
0
0
0
0
0
0
0
0
0
0
0
0
0
0
0
0
0
0
0
0
1
1
0
0
0
0
0
0
0
0
0
0
0
0
0
0
1
0
0
0
0
0
0
0
0
0
0
0
0
0
0
0
1
0
0
0
0
0
0
0
0
0
0
0
0
0
1
0
0
0
0
0
0
0
2
0
0
0
0
0
0
0
0
0
0
0
0
0
0
0
0
0
0
0
0
0
0
0
0
0
0
0
0
0
0
0
0
0
0
0
2
1
0
0
0
0
0
0
0
1
0
0
0
0
0
0
0
0
0
0
0
0
0
3
0
0
0
0
0
0
0
0
0
0
0
0
0
0
1
1
0
0
0
0
0
0
0
0
0
0
0
0
0
0
0
0
0
0
0
0
0
0
0
0
0
0
0
0
0
0
0
0
0
0
0
0
0
0
0
0
0
0
0
0
0
0
0
2
0
0
0
0
0
0
0
0
2
1
0
0
0
0
0
0
0
0
0
0
0
0
0
0
0
0
0
0
0
0
0
0
0
0
0
0
0
0
0
0
0
0
0
0
1
0
0
0
0
0
0
0
0
0
0
0
0
0
0
0
0
0
1
0
0
0
0
0
0
0
0
0
0
0
0
0
0
0
0
0
0
0
0
0
0
0
0
0
0
1
0
0
0
0
0
0
0
0
0
0
0
0
0
0
0
0
0
0
0
0
0
4
0
0
0
0
0
0
0
3
0
0
0
0
0
0
0
1
0
0
0
0
0
0
0
0
0
0
0
0
0
0
0
0
0
0
0
0
2
0
0
0
0
0
0
0
0
0
0
0
0
0
0
0
1
0
0
0
0
0
0
0
2
0
0
0
0
0
0
1
0
0
0
0
0
0
0
0
0
0
1
0
0
0
0
0
0
0
0
0
0
1
2
0
0
0
0
0
0
0
0
1
0
0
0
0
0
0
0
0
0
0
0
3
0
0
0
0
0
0
0
0
0
0
0
0
0
0
0
0
0
0
0
0
0
0
0
0
0
0
0
0
1
0
3
0
0
0
0
0
0
0
0
0
0
0
0
0
0
0
0
0
0
0
0
3
0
0
0
0
0
0
0
0
0
0
0
0
0
0
0
0
0
0
0
0
0
0
0
0
0
0
0
0
0
0
0
0
0
0
0
0
0
0
0
0
0
0
0
0
0
0
0
0
0
0
0
0
0
0
0
0
0
0
1
0
0
0
0
0
0
0
0
0
0
0
0
0
0
0
0
0
0
0
0
2
0
0
0
0
0
0
0
0
0
0
0
0
0
0
0
0
0
0
0
0
0
0
0
0
0
0
0
0
0
0
0
0
0
0
0
0
0
0
0
0
0
0
0
0
0
0
0
0
0
0
0
0
0
0
0
0
0
0
0
0
0
0
0
2
1
0
0
0
0
0
0
0
0
0
0
0
0
0
0
0
0
0
0
0
0
0
0
0
0
0
2
0
0
0
0
0
0
0
0
0
0
0
0
0
0
0
0
0
0
0
2
0
0
0
0
0
0
1
2
0
0
0
0
0
0
0
2
0
0
0
0
0
0
0
1
0
0
0
0
0
0
0
0
0
0
0
0
0
0
2
3
0
0
0
0
0
0
0
2
0
0
0
0
0
0
0
0
0
0
0
0
0
0
0
0
0
0
0
0
0
0
0
0
0
0
0
0
0
0
0
0
0
0
0
0
0
0
0
0
0
0
0
0
0
0
0
0
0
0
0
0
0
0
0
0
0
0
0
0
2
0
0
0
0
0
0
0
1
0
0
0
0
0
0
2
1
0
0
0
0
1
1
0
0
0
0
0
0
0
0
0
0
0
0
0
0
0
0
0
0
0
1
3
0
0
0
0
0
0
0
2
0
0
0
0
0
0
0
0
0
0
0
0
0
0
0
0
0
0
0
0
1
0
0
0
0
0
0
0
0
0
0
0
0
0
0
0
0
0
0
0
0
0
0
0
0
0
0
0
0
0
0
0
0
0
1
2
0
0
0
0
0
0
0
0
0
0
0
0
0
0
0
1
0
0
0
0
0
0
0
1
0
0
0
0
0
0
1
1
0
0
0
0
0
0
0
1
0
0
0
0
0
0
1
4
0
0
0
0
0
0
0
3
0
0
0
0
0
0
0
0
0
0
0
1
1
0
0
0
0
0
0
0
0
0
0
0
0
0
0
0
1
0
0
0
0
0
0
0
1
0
0
0
0
0
0
0
0
0
0
0
0
1
0
0
0
0
0
0
0
0
0
0
0
0
0
0
0
0
0
0
0
0
1
1
0
0
0
0
0
0
0
0
0
0
0
0
0
0
0
0
0
0
0
0
0
0
0
0
0
0
0
0
0
0
0
0
0
0
0
0
0
0
0
0
0
0
0
0
0
0
0
0
0
0
0
2
2
0
0
0
0
0
0
0
0
0
0
0
0
0
0
2
1
0
0
0
0
0
0
0
0
0
0
0
0
0
0
0
0
0
0
0
0
0
0
0
0
0
0
0
0
0
0
0
0
0
0
0
0
0
0
0
0
0
0
0
0
0
0
0
0
0
0
0
0
0
0
0
0
0
0
1
0
0
0
0
0
0
0
0
0
0
0
0
0
0
2
2
0
0
0
0
0
0
0
0
0
0
0
0
0
0
1
2
0
0
0
0
0
0
0
0
0
0
0
0
0
0
0
0
0
0
0
0
0
0
0
0
0
0
0
0
0
0
0
0
0
0
1
0
0
0
0
0
0
0
0
0
0
0
0
0
0
0
0
0
0
0
0
0
0
0
0
0
0
0
2
2
0
0
0
0
0
0
0
1
0
0
0
0
0
0
0
0
0
0
0
0
1
1
0
0
0
0
0
0
0
0
0
0
0
0
0
0
0
0
0
0
0
0
0
0
0
0
0
0
0
0
0
0
0
0
0
0
0
1
3
0
0
0
0
0
0
0
1
0
0
0
0
0
0
0
0
0
0
0
0
0
0
0
0
0
0
0
0
0
0
0
0
0
0
0
3
2
0
0
0
0
0
0
0
1
0
0
0
0
0
0
0
0
0
0
0
0
0
1
0
0
0
0
0
0
0
0
0
0
0
0
0
0
0
0
0
0
0
0
0
0
0
0
0
0
0
0
3
0
0
0
0
0
0
0
0
0
0
0
0
0
0
0
0
0
0
0
0
1
0
0
0
0
0
0
0
0
0
0
0
0
0
2
0
0
0
0
0
0
0
0
0
0
0
0
0
0
0
0
0
0
0
1
0
0
0
0
1
1
0
0
0
0
0
0
0
1
0
0
0
0
0
0
0
0
0
0
0
0
0
1
0
0
0
0
0
0
0
0
0
0
0
0
0
0
0
0
0
0
0
0
0
0
0
0
0
0
0
0
0
0
0
0
0
0
0
0
0
0
0
0
0
0
0
0
0
0
1
3
0
0
0
0
0
0
0
0
0
0
0
0
0
0
0
0
0
0
0
1
2
0
0
0
0
0
0
0
0
0
0
0
0
0
0
0
0
0
0
0
0
0
0
0
0
0
0
0
0
0
0
0
0
0
0
0
0
0
0
0
0
0
0
0
0
0
0
0
0
0
0
0
0
0
0
0
0
0
0
2
0
0
0
0
0
0
0
1
0
0
0
0
0
0
0
0
0
0
0
2
1
0
0
0
0
0
0
0
0
0
0
0
0
0
0
0
0
0
0
0
0
0
0
0
0
0
1
3
0
0
0
0
0
0
0
1
0
0
0
0
0
0
0
0
0
0
0
0
0
0
0
0
0
0
0
0
1
0
0
0
0
0
0
0
0
0
0
0
0
0
2
0
0
0
0
0
0
0
0
0
0
0
0
0
0
0
0
0
0
0
0
0
0
0
0
0
0
0
0
3
0
0
0
0
0
0
1
1
0
0
0
0
0
0
0
0
0
0
0
0
0
0
0
0
0
0
0
0
0
0
0
0
0
0
0
0
0
0
0
0
0
0
0
2
2
0
0
0
0
0
0
0
1
0
0
0
0
0
0
2
1
0
0
0
0
0
0
0
2
0
0
0
0
0
0
0
0
0
0
0
0
0
0
0
1
0
0
0
0
0
0
0
0
0
0
0
0
0
2
0
0
0
0
0
0
0
0
0
0
0
0
0
0
0
2
0
0
0
0
0
0
0
0
0
0
0
0
0
0
0
0
0
0
0
0
0
0
0
0
1
0
0
0
0
0
0
0
0
0
0
0
0
0
0
0
0
0
0
0
0
0
0
0
0
0
0
0
0
0
0
0
0
0
0
0
0
0
1
3
0
0
0
0
0
0
0
0
0
0
0
0
0
0
0
0
0
0
0
0
3
0
0
0
0
0
0
0
1
0
0
0
0
0
0
0
0
0
0
0
0
1
0
0
0
0
0
0
0
0
0
0
0
0
0
0
0
0
0
0
0
0
0
0
0
0
0
0
0
0
0
0
0
0
0
0
1
0
0
0
0
0
0
0
0
0
0
0
0
0
0
0
0
0
0
0
0
0
0
0
0
0
0
4
0
0
0
0
0
0
0
0
0
0
0
2
2
0
0
3
0
0
0
0
0
0
0
0
0
0
0
0
0
0
0
0
0
0
0
0
0
0
0
0
0
0
0
2
2
0
0
0
0
0
0
0
0
0
0
0
0
0
0
0
0
0
0
0
0
1
1
0
0
0
0
0
0
0
0
0
0
0
0
0
0
0
0
0
0
0
1
2
0
0
0
0
0
0
0
0
0
0
0
0
0
0
0
0
0
0
0
1
2
0
0
0
0
0
0
0
1
0
0
0
0
0
0
0
0
0
0
0
0
0
0
0
0
0
0
0
0
0
0
0
0
0
0
0
0
0
0
0
0
0
0
0
0
0
0
0
1
0
0
0
0
0
0
0
1
0
0
0
0
0
0
0
0
0
0
0
0
0
0
0
0
0
0
3
0
0
0
0
0
0
0
0
0
0
0
0
0
0
0
0
0
0
0
2
1
0
0
0
0
0
0
0
0
0
0
0
0
0
0
2
2
0
0
0
0
0
0
0
1
0
0
0
0
0
0
0
0
0
0
0
0
1
2
0
0
0
0
0
0
0
0
0
0
0
0
1
0
0
0
0
0
0
0
0
0
0
0
1
1
0
0
0
0
0
0
0
1
0
0
0
0
0
0
0
0
0
0
0
0
0
0
0
0
0
2
2
0
0
0
0
0
0
0
0
0
0
0
0
0
0
0
0
0
0
0
0
0
0
0
0
0
0
0
0
0
0
0
0
0
0
0
0
0
0
0
0
0
0
0
0
0
0
0
0
0
0
0
0
2
0
0
0
0
0
0
0
0
0
0
0
0
0
3
0
0
0
0
0
0
0
0
0
0
0
2
2
0
0
3
0
0
0
0
0
0
0
0
0
0
0
0
0
0
0
0
0
0
0
0
2
0
0
0
0
0
0
0
0
0
0
1
0
0
0
0
0
0
0
0
0
0
0
0
0
0
0
0
0
0
0
0
0
0
0
1
0
0
0
0
0
0
0
0
0
0
0
0
0
0
0
2
0
0
0
0
0
0
0
3
0
0
0
0
0
0
0
0
0
0
0
0
0
0
0
0
0
0
0
0
0
0
0
0
0
0
0
0
1
0
0
0
0
0
0
0
3
0
0
0
0
0
0
1
0
0
0
3
0
0
0
0
0
0
0
0
0
0
0
0
0
0
0
0
0
1
1
0
0
0
0
0
0
0
0
0
0
0
0
0
0
0
0
0
0
0
0
0
0
0
0
0
0
0
0
0
0
0
0
0
0
0
1
1
0
0
0
0
0
0
0
0
0
0
0
0
0
0
0
0
0
0
0
0
0
0
0
0
0
0
0
0
0
0
0
0
0
0
0
1
0
0
0
0
0
0
0
0
0
0
0
0
0
0
0
0
0
0
0
0
0
0
0
0
0
0
0
0
0
0
0
0
0
0
0
0
0
1
0
0
0
0
0
0
0
0
0
0
0
0
0
0
0
0
0
0
2
0
1
1
0
0
0
0
0
0
0
2
0
0
0
0
0
0
1
3
0
0
0
0
0
0
0
1
0
0
0
0
0
0
0
0
0
0
0
0
0
0
0
0
0
0
0
0
0
0
1
1
0
0
0
0
0
0
0
0
0
0
0
0
0
0
0
0
0
0
0
0
0
0
0
0
0
0
0
0
0
0
0
0
0
0
0
0
0
0
0
0
0
0
3
0
0
0
0
0
0
0
0
0
0
0
0
0
0
0
0
0
0
0
1
2
0
0
0
0
0
0
0
0
0
0
0
0
0
0
0
0
0
0
0
0
0
1
0
0
0
0
0
0
0
0
0
0
0
0
0
0
0
0
0
0
0
0
0
0
0
0
2
2
0
0
0
0
0
0
0
0
0
0
0
0
0
0
0
0
0
0
1
0
0
0
0
0
0
0
0
0
0
0
3
2
0
0
0
0
0
0
0
0
0
0
0
0
0
0
0
0
0
0
1
0
0
0
0
0
0
0
0
0
0
0
0
0
0
0
0
0
0
0
0
0
0
0
0
0
0
0
2
2
0
0
0
0
0
0
0
1
0
0
0
0
0
0
0
0
0
0
0
0
0
0
0
0
0
0
2
0
0
0
0
0
0
0
2
0
0
0
0
0
0
0
0
0
0
0
3
2
0
0
0
0
0
0
0
0
0
0
0
0
0
0
0
0
0
0
0
0
0
0
0
0
0
0
1
0
0
0
0
0
0
0
0
0
0
0
0
0
0
0
0
0
0
0
0
0
0
0
0
0
0
0
0
0
0
0
0
0
0
0
0
0
0
0
0
0
0
0
0
0
0
2
3
0
0
0
0
0
0
0
0
0
0
0
0
0
0
0
0
0
0
0
0
0
0
0
0
0
0
1
0
0
0
0
0
0
0
0
0
0
0
0
0
0
0
0
0
0
0
0
1
0
0
0
0
0
0
0
0
0
0
0
0
0
0
0
0
0
0
0
0
0
0
0
0
0
1
4
0
0
0
0
0
0
0
0
0
0
0
0
2
0
0
0
0
0
0
0
0
0
0
0
0
0
0
0
0
0
0
0
0
0
0
0
0
0
0
0
0
0
0
0
0
0
0
1
0
0
0
0
0
0
0
0
0
0
0
0
0
0
0
0
0
0
0
1
2
0
0
0
0
0
0
0
0
0
0
0
0
0
0
0
0
0
0
0
0
2
1
0
0
0
0
0
0
1
0
0
0
0
0
0
0
0
0
0
0
0
3
4
0
0
0
0
0
0
0
0
0
0
0
0
0
0
0
0
0
0
0
0
0
0
0
0
0
0
0
0
0
0
0
3
0
0
0
0
0
0
0
0
0
0
0
0
1
0
0
0
0
0
0
0
0
0
0
3
0
0
0
0
0
0
0
0
0
0
0
0
0
0
0
0
0
0
0
0
0
0
0
0
0
0
0
0
0
0
0
0
0
0
0
0
0
0
0
0
0
0
0
2
2
0
0
0
0
0
0
0
0
0
0
0
0
0
0
0
0
0
0
3
0
0
0
0
0
0
555
242
0
0
624
431
0
0
728
452
0
0
809
465
0
0
837
472
0
0
831
480
0
0
822
488
0
0
816
498
0
0
809
506
0
0
800
515
0
0
790
525
0
0
789
537
0
0
783
550
0
0
770
557
0
0
757
562
0
0
747
571
0
0
741
580
0
0
733
589
0
0
725
598
0
0
714
607
0
0
707
615
0
0
703
628
0
0
696
643
0
0
682
649
0
0
671
655
0
0
659
663
0
0
652
672
0
0
641
683
0
0
631
691
0
0
626
703
0
0
617
719
0
0
601
724
0
0
589
730
0
0
583
737
0
0
577
747
0
0
567
755
0
0
558
762
0
0
548
773
0
0
544
783
0
0
536
796
0
0
521
801
0
0
509
807
0
0
504
814
0
0
496
820
0
0
487
829
0
0
481
836
0
0
477
846
0
0
470
857
0
0
461
865
0
0
446
867
0
0
434
870
0
0
428
878
0
0
420
884
0
0
411
889
0
0
405
896
0
0
401
908
0
0
392
917
0
0
379
921
0
0
368
922
0
0
358
924
0
0
352
930
0
0
342
936
0
0
336
941
0
0
332
949
0
0
327
960
0
0
314
961
0
0
300
964
0
0
291
966
0
0
286
970
0
0
277
976
0
0
269
980
0
0
262
984
0
0
260
994
0
0
249
999
0
0
237
1001
0
0
843
465
0
0
835
473
0
0
826
481
0
0
818
492
0
0
814
507
0
0
805
514
0
0
796
521
0
0
783
527
0
0
777
536
0
0
767
544
0
0
760
555
0
0
757
567
0
0
749
580
0
0
737
587
0
0
723
592
0
0
715
600
0
0
709
607
0
0
699
616
0
0
699
631
0
0
687
642
0
0
677
650
0
0
665
654
0
0
654
662
0
0
647
670
0
0
640
679
0
0
632
687
0
0
623
695
0
0
616
703
0
0
608
714
0
0
605
724
0
0
596
737
0
0
582
744
0
0
571
751
0
0
561
755
0
0
553
764
0
0
547
772
0
0
540
780
0
0
538
793
0
0
528
804
0
0
516
806
0
0
504
813
0
0
495
821
0
0
488
825
0
0
483
833
0
0
475
840
0
0
465
846
0
0
462
856
0
0
458
866
0
0
449
875
0
0
437
879
0
0
427
884
0
0
417
889
0
0
406
892
0
0
398
897
0
0
390
903
0
0
384
908
0
0
375
913
0
0
376
925
0
0
363
932
0
0
352
933
0
0
341
935
0
0
334
939
0
0
327
946
0
0
324
953
0
0
317
964
0
0
306
965
0
0
294
967
0
0
286
969
0
0
279
974
0
0
270
978
0
0
266
984
0
0
263
994
0
0
248
995
0
0
237
995
0
0
231
1000
0
0
839
467
0
0
836
485
0
0
821
488
0
0
809
495
0
0
803
503
0
0
797
512
0
0
797
528
0
0
782
535
0
0
768
541
0
0
764
549
0
0
754
557
0
0
754
575
0
0
741
581
0
0
727
586
0
0
721
594
0
0
712
603
0
0
706
611
0
0
703
629
0
0
689
633
0
0
676
639
0
0
671
648
0
0
660
655
0
0
660
673
0
0
644
672
0
0
637
683
0
0
632
692
0
0
623
706
0
0
606
709
0
0
600
718
0
0
591
726
0
0
585
735
0
0
583
750
0
0
569
754
0
0
556
760
0
0
550
768
0
0
544
774
0
0
544
789
0
0
530
793
0
0
518
798
0
0
513
805
0
0
503
813
0
0
500
821
0
0
493
835
0
0
482
836
0
0
469
840
0
0
464
847
0
0
457
854
0
0
448
860
0
0
442
866
0
0
436
872
0
0
432
884
0
0
422
892
0
0
411
895
0
0
398
897
0
0
393
902
0
0
385
906
0
0
385
916
0
0
373
924
0
0
361
924
0
0
352
928
0
0
346
932
0
0
341
937
0
0
333
942
0
0
324
947
0
0
318
952
0
0
316
959
0
0
307
971
0
0
296
969
0
0
284
973
0
0
274
977
0
0
267
979
0
0
260
985
0
0
251
990
0
0
244
992
0
0
237
996
0
0
230
1000
0
0
837
469
0
0
829
478
0
0
819
484
0
0
816
496
0
0
813
512
0
0
800
517
0
0
793
516
0
0
781
532
0
0
771
539
0
0
762
548
0
0
754
552
0
0
748
566
0
0
740
574
0
0
733
582
0
0
725
593
0
0
715
600
0
0
707
608
0
0
699
616
0
0
692
628
0
0
683
635
0
0
675
642
0
0
667
651
0
0
657
663
0
0
650
668
0
0
641
676
0
0
632
685
0
0
626
692
0
0
623
709
0
0
614
718
0
0
605
727
0
0
593
724
0
0
583
740
0
0
574
747
0
0
565
753
0
0
559
762
0
0
553
769
0
0
543
776
0
0
538
786
0
0
534
788
0
0
521
803
0
0
511
810
0
0
499
816
0
0
492
818
0
0
486
829
0
0
478
836
0
0
471
843
0
0
461
849
0
0
458
856
0
0
452
869
0
0
443
877
0
0
431
872
0
0
418
882
0
0
412
888
0
0
405
895
0
0
396
902
0
0
387
906
0
0
388
916
0
0
379
924
0
0
369
920
0
0
357
932
0
0
346
936
0
0
336
937
0
0
329
946
0
0
323
948
0
0
314
953
0
0
311
961
0
0
305
960
0
0
296
976
0
0
285
977
0
0
275
981
0
0
264
978
0
0
256
986
0
0
249
990
0
0
242
993
0
0
233
1003
0
0
842
464
0
0
833
473
0
0
822
482
0
0
815
489
0
0
807
499
0
0
799
509
0
0
794
517
0
0
785
525
0
0
775
535
0
0
769
544
0
0
759
553
0
0
750
561
0
0
743
571
0
0
738
581
0
0
728
588
0
0
724
593
0
0
717
608
0
0
709
616
0
0
701
630
0
0
693
627
0
0
680
646
0
0
671
652
0
0
660
659
0
0
651
660
0
0
642
678
0
0
633
686
0
0
626
694
0
0
617
695
0
0
610
712
0
0
599
720
0
0
592
726
0
0
584
730
0
0
577
741
0
0
570
749
0
0
561
758
0
0
553
764
0
0
551
777
0
0
542
789
0
0
529
793
0
0
518
792
0
0
511
804
0
0
504
811
0
0
499
819
0
0
490
829
0
0
480
832
0
0
474
840
0
0
474
854
0
0
463
849
0
0
452
866
0
0
440
867
0
0
431
873
0
0
426
883
0
0
417
885
0
0
417
896
0
0
407
905
0
0
396
900
0
0
385
910
0
0
374
913
0
0
367
918
0
0
362
930
0
0
355
929
0
0
345
935
0
0
338
939
0
0
333
943
0
0
328
958
0
0
316
961
0
0
305
958
0
0
295
962
0
0
289
967
0
0
281
974
0
0
274
979
0
0
266
985
0
0
257
986
0
0
248
990
0
0
246
995
0
0
240
996
0
0
232
1010
0
0
835
478
0
0
821
486
0
0
813
494
0
0
804
503
0
0
797
511
0
0
791
521
0
0
782
528
0
0
774
538
0
0
766
547
0
0
758
555
0
0
749
565
0
0
741
573
0
0
733
582
0
0
723
591
0
0
719
600
0
0
711
610
0
0
704
621
0
0
697
632
0
0
687
644
0
0
677
653
0
0
666
660
0
0
655
666
0
0
643
672
0
0
636
681
0
0
627
690
0
0
621
700
0
0
609
708
0
0
603
716
0
0
598
726
0
0
592
738
0
0
584
746
0
0
577
756
0
0
567
767
0
0
556
777
0
0
543
778
0
0
532
785
0
0
527
793
0
0
517
800
0
0
515
812
0
0
504
823
0
0
491
824
0
0
482
830
0
0
477
838
0
0
468
845
0
0
461
852
0
0
457
859
0
0
449
867
0
0
442
880
0
0
428
886
0
0
419
892
0
0
408
894
0
0
398
893
0
0
391
904
0
0
384
910
0
0
376
915
0
0
367
920
0
0
363
927
0
0
357
933
0
0
349
944
0
0
339
949
0
0
333
954
0
0
324
959
0
0
316
963
0
0
308
969
0
0
301
975
0
0
289
980
0
0
280
984
0
0
271
987
0
0
261
989
0
0
252
994
0
0
243
996
0
0
232
998
0
0
227
1002
0
0
835
473
0
0
824
483
0
0
814
492
0
0
806
500
0
0
801
510
0
0
796
518
0
0
792
532
0
0
781
545
0
0
767
551
0
0
756
556
0
0
749
566
0
0
742
573
0
0
732
583
0
0
722
592
0
0
715
600
0
0
710
610
0
0
706
624
0
0
694
635
0
0
685
643
0
0
674
652
0
0
664
657
0
0
653
667
0
0
645
676
0
0
635
683
0
0
626
693
0
0
617
700
0
0
609
708
0
0
602
717
0
0
593
726
0
0
586
735
0
0
577
743
0
0
567
751
0
0
560
758
0
0
551
767
0
0
543
776
0
0
535
783
0
0
527
791
0
0
520
799
0
0
513
805
0
0
509
813
0
0
503
824
0
0
495
833
0
0
486
844
0
0
474
850
0
0
464
854
0
0
455
861
0
0
446
867
0
0
436
872
0
0
429
880
0
0
419
884
0
0
410
891
0
0
403
899
0
0
396
904
0
0
387
909
0
0
379
915
0
0
370
920
0
0
363
924
0
0
355
928
0
0
346
933
0
0
340
938
0
0
331
943
0
0
322
949
0
0
314
955
0
0
304
962
0
0
301
971
0
0
298
975
0
0
290
977
0
0
282
982
0
0
274
986
0
0
266
989
0
0
258
994
0
0
250
1000
0
0
859
456
0
0
848
466
0
0
840
474
0
0
832
487
0
0
824
498
0
0
813
508
0
0
803
515
0
0
795
523
0
0
783
531
0
0
775
538
0
0
765
548
0
0
756
557
0
0
749
564
0
0
743
574
0
0
734
582
0
0
725
591
0
0
714
601
0
0
708
609
0
0
699
617
0
0
689
627
0
0
685
636
0
0
678
647
0
0
673
659
0
0
664
669
0
0
655
680
0
0
642
686
0
0
633
694
0
0
621
700
0
0
611
708
0
0
602
715
0
0
594
724
0
0
586
733
0
0
579
741
0
0
570
749
0
0
562
757
0
0
554
766
0
0
549
774
0
0
541
783
0
0
532
790
0
0
525
797
0
0
517
805
0
0
511
817
0
0
505
827
0
0
493
836
0
0
484
843
0
0
473
846
0
0
464
855
0
0
456
861
0
0
444
865
0
0
437
874
0
0
429
880
0
0
419
884
0
0
410
890
0
0
402
894
0
0
395
900
0
0
387
906
0
0
379
912
0
0
371
918
0
0
362
923
0
0
353
928
0
0
346
933
0
0
338
939
0
0
329
944
0
0
320
949
0
0
311
956
0
0
303
962
0
0
295
968
0
0
287
972
0
0
282
978
0
0
273
981
0
0
264
985
0
0
255
988
0
0
247
991
0
0
239
996
0
0
233
998
0
0
226
1003
0
0
834
476
0
0
835
484
0
0
814
494
0
0
806
502
0
0
799
510
0
0
799
519
0
0
787
529
0
0
783
541
0
0
775
552
0
0
763
562
0
0
755
573
0
0
748
581
0
0
738
590
0
0
730
597
0
0
720
608
0
0
710
614
0
0
700
622
0
0
695
628
0
0
678
636
0
0
672
645
0
0
663
653
0
0
665
663
0
0
644
672
0
0
635
681
0
0
628
691
0
0
633
699
0
0
611
708
0
0
602
717
0
0
596
726
0
0
598
734
0
0
577
743
0
0
568
752
0
0
558
760
0
0
560
768
0
0
540
778
0
0
532
785
0
0
522
797
0
0
520
804
0
0
509
814
0
0
503
825
0
0
497
832
0
0
487
839
0
0
482
846
0
0
473
855
0
0
461
862
0
0
453
870
0
0
445
877
0
0
438
881
0
0
431
887
0
0
417
896
0
0
412
901
0
0
403
908
0
0
395
914
0
0
382
919
0
0
378
920
0
0
366
924
0
0
357
932
0
0
347
935
0
0
336
941
0
0
327
946
0
0
323
952
0
0
314
956
0
0
301
962
0
0
294
966
0
0
285
970
0
0
291
975
0
0
267
980
0
0
259
985
0
0
250
988
0
0
252
994
0
0
233
997
0
0
226
1004
0
0
838
481
0
0
830
489
0
0
819
500
0
0
811
509
0
0
803
515
0
0
798
526
0
0
785
533
0
0
775
541
0
0
764
549
0
0
765
556
0
0
747
565
0
0
739
575
0
0
730
584
0
0
731
594
0
0
712
604
0
0
704
615
0
0
700
627
0
0
693
635
0
0
682
644
0
0
673
653
0
0
665
661
0
0
657
667
0
0
643
677
0
0
634
684
0
0
625
696
0
0
621
704
0
0
610
715
0
0
600
721
0
0
591
728
0
0
588
738
0
0
574
747
0
0
565
755
0
0
556
763
0
0
554
772
0
0
538
777
0
0
532
786
0
0
524
795
0
0
526
801
0
0
508
810
0
0
499
817
0
0
491
824
0
0
490
832
0
0
474
839
0
0
467
845
0
0
457
854
0
0
460
860
0
0
440
868
0
0
432
872
0
0
423
881
0
0
421
887
0
0
405
892
0
0
396
900
0
0
388
906
0
0
388
912
0
0
372
918
0
0
363
923
0
0
356
929
0
0
357
933
0
0
336
939
0
0
329
945
0
0
321
950
0
0
323
955
0
0
305
961
0
0
295
965
0
0
288
970
0
0
287
975
0
0
268
982
0
0
261
986
0
0
252
990
0
0
250
993
0
0
233
997
0
0
225
1001
0
0
825
481
0
0
815
490
0
0
805
500
0
0
795
507
0
0
786
516
0
0
780
525
0
0
773
534
0
0
765
543
0
0
757
551
0
0
749
560
0
0
742
568
0
0
734
577
0
0
726
584
0
0
717
593
0
0
708
602
0
0
700
611
0
0
691
619
0
0
682
628
0
0
676
637
0
0
670
645
0
0
661
653
0
0
650
665
0
0
642
672
0
0
633
681
0
0
626
690
0
0
617
697
0
0
607
708
0
0
600
715
0
0
590
722
0
0
582
731
0
0
573
740
0
0
564
748
0
0
557
756
0
0
549
764
0
0
541
772
0
0
532
782
0
0
525
788
0
0
516
796
0
0
509
804
0
0
501
812
0
0
496
822
0
0
488
829
0
0
481
838
0
0
475
844
0
0
468
851
0
0
464
856
0
0
457
860
0
0
448
869
0
0
441
874
0
0
434
878
0
0
422
880
0
0
410
885
0
0
402
891
0
0
395
899
0
0
387
904
0
0
379
909
0
0
371
915
0
0
365
920
0
0
356
925
0
0
350
931
0
0
341
936
0
0
332
940
0
0
324
945
0
0
313
951
0
0
307
957
0
0
299
963
0
0
292
965
0
0
286
972
0
0
281
979
0
0
276
986
0
0
272
984
0
0
260
985
0
0
256
993
0
0
247
994
0
0
234
997
0
0
224
1000
0
0
820
483
0
0
813
492
0
0
808
497
0
0
801
505
0
0
789
514
0
0
785
525
0
0
780
533
0
0
776
546
0
0
772
555
0
0
763
559
0
0
752
565
0
0
740
579
0
0
730
584
0
0
718
593
0
0
711
600
0
0
702
611
0
0
695
622
0
0
689
632
0
0
677
636
0
0
669
644
0
0
660
653
0
0
651
662
0
0
642
672
0
0
634
679
0
0
627
687
0
0
617
697
0
0
607
709
0
0
599
719
0
0
592
728
0
0
586
737
0
0
577
745
0
0
565
751
0
0
556
757
0
0
550
765
0
0
542
774
0
0
533
780
0
0
526
787
0
0
526
801
0
0
512
807
0
0
500
812
0
0
491
820
0
0
482
827
0
0
476
833
0
0
471
840
0
0
463
846
0
0
454
853
0
0
444
861
0
0
438
865
0
0
433
871
0
0
423
878
0
0
413
884
0
0
405
891
0
0
398
896
0
0
397
902
0
0
389
912
0
0
381
919
0
0
371
927
0
0
364
932
0
0
350
933
0
0
342
934
0
0
330
939
0
0
323
945
0
0
316
949
0
0
310
955
0
0
308
966
0
0
299
970
0
0
290
974
0
0
286
978
0
0
272
984
0
0
262
982
0
0
251
986
0
0
244
990
0
0
237
995
0
0
231
998
0
0
224
1003
0
0
818
487
0
0
808
497
0
0
801
504
0
0
790
512
0
0
791
520
0
0
777
531
0
0
770
536
0
0
762
547
0
0
761
558
0
0
751
571
0
0
740
575
0
0
732
580
0
0
721
588
0
0
714
597
0
0
709
605
0
0
703
612
0
0
696
627
0
0
688
636
0
0
681
646
0
0
669
654
0
0
662
660
0
0
653
669
0
0
644
676
0
0
633
683
0
0
622
689
0
0
618
698
0
0
609
706
0
0
600
714
0
0
591
721
0
0
591
731
0
0
581
745
0
0
568
748
0
0
559
754
0
0
550
763
0
0
545
773
0
0
538
782
0
0
529
785
0
0
521
791
0
0
515
800
0
0
509
807
0
0
506
819
0
0
498
828
0
0
490
834
0
0
482
842
0
0
470
849
0
0
461
850
0
0
453
855
0
0
444
861
0
0
435
869
0
0
436
882
0
0
423
885
0
0
413
889
0
0
403
893
0
0
395
898
0
0
389
904
0
0
385
910
0
0
372
916
0
0
365
923
0
0
362
926
0
0
357
933
0
0
347
937
0
0
340
946
0
0
331
950
0
0
319
955
0
0
305
957
0
0
304
961
0
0
300
972
0
0
288
975
0
0
274
977
0
0
268
979
0
0
260
983
0
0
259
990
0
0
247
995
0
0
242
1000
0
0
846
475
0
0
829
481
0
0
821
488
0
0
811
495
0
0
802
503
0
0
793
512
0
0
792
525
0
0
780
534
0
0
767
541
0
0
762
549
0
0
753
556
0
0
744
566
0
0
741
582
0
0
727
584
0
0
717
594
0
0
711
603
0
0
703
611
0
0
694
620
0
0
686
628
0
0
677
635
0
0
668
643
0
0
661
652
0
0
661
668
0
0
650
677
0
0
642
687
0
0
635
694
0
0
628
701
0
0
615
712
0
0
603
716
0
0
598
724
0
0
590
732
0
0
576
737
0
0
571
745
0
0
568
751
0
0
555
760
0
0
547
768
0
0
544
776
0
0
538
790
0
0
523
792
0
0
516
798
0
0
508
804
0
0
504
811
0
0
496
818
0
0
496
829
0
0
482
833
0
0
474
840
0
0
465
846
0
0
457
849
0
0
454
857
0
0
449
863
0
0
444
875
0
0
436
880
0
0
424
887
0
0
412
887
0
0
409
893
0
0
399
898
0
0
392
904
0
0
385
907
0
0
376
913
0
0
376
923
0
0
365
929
0
0
359
933
0
0
352
937
0
0
342
946
0
0
333
952
0
0
323
951
0
0
317
957
0
0
307
963
0
0
297
967
0
0
291
972
0
0
287
977
0
0
282
981
0
0
274
979
0
0
267
984
0
0
260
990
0
0
252
997
0
0
242
1000
0
0
850
461
0
0
837
469
0
0
837
480
0
0
826
487
0
0
810
496
0
0
802
505
0
0
797
513
0
0
790
523
0
0
783
531
0
0
772
540
0
0
762
550
0
0
755
561
0
0
745
566
0
0
739
576
0
0
730
583
0
0
723
594
0
0
716
605
0
0
706
612
0
0
698
620
0
0
694
629
0
0
687
639
0
0
680
649
0
0
674
652
0
0
661
666
0
0
653
670
0
0
645
679
0
0
638
691
0
0
628
700
0
0
619
706
0
0
614
715
0
0
607
721
0
0
596
731
0
0
591
739
0
0
583
748
0
0
575
754
0
0
570
761
0
0
563
769
0
0
556
771
0
0
547
777
0
0
541
791
0
0
525
794
0
0
518
799
0
0
516
806
0
0
500
813
0
0
494
820
0
0
487
827
0
0
478
833
0
0
471
840
0
0
463
847
0
0
465
854
0
0
457
866
0
0
449
873
0
0
439
879
0
0
427
880
0
0
419
882
0
0
412
888
0
0
404
893
0
0
399
899
0
0
389
904
0
0
391
913
0
0
379
917
0
0
375
926
0
0
365
932
0
0
352
931
0
0
348
933
0
0
338
938
0
0
331
943
0
0
324
947
0
0
318
951
0
0
316
963
0
0
306
969
0
0
299
972
0
0
289
976
0
0
281
979
0
0
272
980
0
0
266
981
0
0
255
985
0
0
248
991
0
0
240
993
0
0
235
997
0
0
227
1001
0
0
833
473
0
0
823
482
0
0
815
492
0
0
811
498
0
0
804
505
0
0
799
515
0
0
789
522
0
0
784
529
0
0
781
539
0
0
772
554
0
0
761
559
0
0
757
569
0
0
746
578
0
0
736
584
0
0
728
588
0
0
722
596
0
0
713
604
0
0
704
613
0
0
695
621
0
0
695
629
0
0
686
644
0
0
677
652
0
0
672
658
0
0
660
668
0
0
647
671
0
0
642
677
0
0
634
685
0
0
623
695
0
0
615
704
0
0
607
712
0
0
599
719
0
0
592
724
0
0
584
735
0
0
579
746
0
0
567
749
0
0
563
756
0
0
557
766
0
0
550
775
0
0
543
786
0
0
535
792
0
0
523
795
0
0
518
802
0
0
512
815
0
0
506
821
0
0
499
829
0
0
492
835
0
0
483
842
0
0
474
848
0
0
463
857
0
0
448
860
0
0
442
864
0
0
435
873
0
0
426
878
0
0
419
883
0
0
413
886
0
0
409
891
0
0
395
897
0
0
388
903
0
0
383
908
0
0
381
910
0
0
373
915
0
0
369
923
0
0
360
926
0
0
357
930
0
0
347
943
0
0
337
941
0
0
332
946
0
0
325
953
0
0
313
956
0
0
304
961
0
0
302
962
0
0
290
967
0
0
283
972
0
0
276
975
0
0
269
979
0
0
263
983
0
0
256
987
0
0
249
991
0
0
241
995
0
0
232
999
0
0
233
1005
0
0
836
482
0
0
828
490
0
0
820
500
0
0
810
509
0
0
802
515
0
0
793
516
0
0
785
526
0
0
778
534
0
0
770
542
0
0
762
553
0
0
762
563
0
0
750
570
0
0
739
577
0
0
725
587
0
0
722
599
0
0
719
607
0
0
707
614
0
0
697
619
0
0
688
627
0
0
675
638
0
0
666
645
0
0
661
656
0
0
660
666
0
0
651
674
0
0
639
677
0
0
632
685
0
0
621
692
0
0
621
704
0
0
613
712
0
0
603
716
0
0
589
724
0
0
603
732
0
0
591
741
0
0
572
746
0
0
560
754
0
0
561
767
0
0
553
774
0
0
541
775
0
0
532
785
0
0
527
797
0
0
522
803
0
0
511
806
0
0
503
813
0
0
494
822
0
0
493
832
0
0
480
833
0
0
472
840
0
0
462
849
0
0
462
857
0
0
450
858
0
0
440
866
0
0
436
876
0
0
429
880
0
0
420
882
0
0
407
888
0
0
410
899
0
0
399
900
0
0
391
904
0
0
382
913
0
0
380
920
0
0
369
919
0
0
361
924
0
0
351
931
0
0
352
938
0
0
342
940
0
0
334
943
0
0
321
946
0
0
322